12.73601741241765
26.841120072851968
52.302043894402644
50.82412693635755
40.530153875504226
23.777992081227165
15.745736047404431
6.127496751955211
10.393410651796666
13.135588084311673
23.602992551422844
16.0383632898987
-1.2881174226111864
-15.055344177768585
-2.6681730502361014
1.7441971727146535
11.38446692634915
-1.3169785325449122
-12.6234287946855
-20.29914780144174
-44.20154900069819
-52.002094574912626
-31.50984791482615
-21.056982197038476
2.9902234357351336
-28.367689257169783
-66.11296551118302
-85.33121776294718
-103.97014235658844
-90.31719981699707
-69.02627608825973
-39.70711537847398
-24.35216317476039
-120.70898936380243
-185.41605378412737
-207.08121000364258
-207.23161071033735
-149.2944991915331
-115.08742109259529
-75.92712788067516
-118.11271531318779
-239.78011382515822
-249.42815832497595
-202.6461825644736
-208.7627585892925
-183.82167148826835
-145.6533255527483
-85.80060043715136
-270.35355312463344
-257.9307938316623
-146.78136433297146
-114.95128452343283
-179.48966746912885
-212.7185984098956
-161.43373810726135
-82.53407460491455
-380.8980406828793
-135.4925733299007
-63.49613978912545
-86.17982897279374
-191.92658430149794
-249.8988871963721
-191.439276570528
-81.71807789203172
-444.1148840060473
-86.77548183849346
-94.32486639435353
-171.95505514433844
-246.59253406609906
-305.0426605910426
-227.6933433164303
-92.90018800998376
-457.53974725943056
-132.77761362782772
-171.83758107954742
-214.6909029375017
-216.60236024913223
-278.33251221376906
-264.1527094984055
-155.62346336962895
-383.5896029696754
-176.30993477210188
-189.5979928321174
-186.49666891010784
-133.6430661262105
-193.18970365211112
-260.5159120593886
-243.22352918160277
-260.435213230366
-157.40523984105792
-142.6164217403672
-108.75777399314069
-42.59837953993859
-86.59695622053275
-155.59178580681984
-211.5551972363684
-123.42707575234293
-62.15246557598708
-70.92676523161309
-39.850851281699235
19.781038238082548
-14.451877514259346
-65.94220313811459
-118.47216213000762
-66.14977065219837
-33.02195553565203
-22.20758327205008
-1.8254284660162279
35.48297940806809
27.812327908002512
-12.757981071442446
-52.357796275118694
-19.23986040993192
-4.069668893501603
9.477653928232414
12.26182615827886
36.87525142838112
44.69241360059804
22.576207164684373
-9.411368719112378
1.983011603874806
14.27300624759492
30.193686456822974
39.84606459285454
57.79266512071046
62.161424430736865
36.27535065299063
7.688308689388671
-45.67310825576734
-35.185644632301354
-16.08514957966302
3.6952889712009416
14.000282549119653
17.26432679234711
15.600668940555702
7.371381846068809
-53.77571979554921
-33.452898682744426
-10.380427369660204
6.184460671553726
23.919696833023668
21.243675590496238
24.74636644538881
17.008910256160895
-58.26592132511205
-28.011098600164676
-10.61920299955321
8.197879754957013
18.307630465071718
15.490316315034745
24.21368626525513
26.030815020048248
-56.70776002510871
-25.2925981223056
-14.034209281188778
2.950166386903308
19.61278913522565
14.126923377018144
25.183994362627402
31.919834648708274
-46.39719317908305
-27.615616044913285
-20.783112630192964
-5.177035073161488
13.43039933542211
9.560846668774577
27.747111288400326
32.0714017700048
-41.29068437700954
-26.964068534140086
-20.780885357250504
-6.729377260917517
16.002154312560364
5.944609960004831
20.828431940724183
23.480075621361582
-31.431626311943074
-25.83350969707159
-30.691860587746888
-16.66235352631886
9.332900399944805
-8.084850729564735
12.420576410920436
16.15815208109501
-21.40210643526801
-37.960466097283124
-41.177175106440835
-23.57336467119348
7.552160358638184
-23.910398458134402
-7.934464330068205
1.8363504260753738
-6.8423840532005995
-53.883525082208614
-58.49342233645279
-32.426262500609894
-12.619835115162635
-42.84857187661398
-39.39010920809552
-28.10665397164796
0.7301788949162629
-59.11655532251727
-78.49461101040592
-59.60925762285987
-22.006337867444774
-44.24359825131143
-52.51262397268168
-59.491876089118314
5.69832637970041
-70.88451864167926
-100.73460503767184
-53.47393988278103
1.9441272088066144
-23.966689923164914
-51.51459549126801
-87.88650178505226
10.17987014218677
-72.50973569616811
-97.007945581134
-44.104696124763116
7.77474581344566
-3.491680610194455
-61.03940202461582
-104.44936024116342
8.654737330900963
-60.77080349776865
-73.09659086120956
-26.102038194013875
13.520030085279318
-7.787934835836864
-71.47291151446622
-90.53249675324057
-5.535187050075041
-46.8931134617102
-54.834319253208385
-11.077198492549247
2.237130838793851
-22.044453138742664
-74.75442362664512
-62.565702305819975
-25.894748213101188
-50.53184939628937
-50.58265312138944
-24.737156974006712
-35.428721245650536
-55.10994093535119
-72.3341523893807
-28.567210177335458
-30.405937007535652
-65.54365193639849
-77.76256008325845
-84.23862828502124
-76.14482432341788
-54.59622290331429
-31.482585757028126
-2.2982176087292547
3.2529447282239574
13.385799898868294
9.5779240867946
9.814783619259606
13.771261652411702
13.2301047875959
12.885521937368576
-1.167889692208026
3.6410438602846047
9.648611683271186
5.996620538187994
-4.309172640162739
-11.004794863913256
-19.143370585770015
-0.9428716912304309
-10.873411874629499
3.166837224945954
-2.5897126961990424
-14.06490412892459
-32.404276856482205
-45.172083204145075
-39.85991775337379
-10.649418423155034
-20.288142584447876
-9.522048397773084
-28.359562322026797
-45.01719383679135
-54.603744837229776
-60.893909872272424
-34.68474174758219
-8.068700472283883
-20.38676516809757
-29.49531806789941
-74.56946626977509
-86.7599515377875
-78.39435756099118
-59.98312981677852
-18.6250114830567
-0.44692133344970714
-18.710126478555832
-90.57110780029195
-117.45583995270638
-63.446617124403865
-32.3096777531656
-15.070901795658871
19.95675217625591
25.743024348365783
6.746592072841541
-154.68138983527393
-87.29152524047785
-0.791329450201005
8.9933798889535
24.18876670327914
35.89449739259783
27.510583511898194
22.646243397800593
-197.9023649878074
-26.599189485314508
38.07521380358215
31.864648875305438
40.15066445190529
29.96318163140911
25.58486816629778
23.923551663255
-216.54970926258179
24.2709625894467
40.80713777650389
30.798021211687338
32.28759448388873
22.423481645070066
31.699439379044737
17.426526409757393
-221.5702670539241
16.005272318465313
18.023020007238383
20.930112700461077
16.425201970411536
8.632993765607749
13.326459438369039
-7.089350169089068
-189.81077592083162
-26.676143124598077
-13.898662609407408
0.4055901565242677
-11.583977929045012
-19.83048869357431
-16.552052240434335
-28.23424664649302
-140.79735876368665
-71.11361222235669
-51.6798321421053
-39.28575246938514
-52.44555862377686
-50.69148690023774
-38.0963736883809
-31.41217804558084
-78.51471204348758
-68.2058284497008
-69.55667488664567
-53.952740468293555
-54.36657988715076
-43.409122977171926
-30.859382075386204
-25.482200457294145
-30.82024359535145
-35.05607435458677
-54.5663834787357
-52.333969456218
-38.36840091468271
-19.973799078853038
-11.304026980772841
-13.8763779384174
-3.1191334859761524
-2.075248427574914
-20.929487984547535
-27.498505481587713
-18.23243731149879
-7.825969527209368
-8.112550791776298
-6.147911897169565
7.656729813966508
20.854684040996723
9.79190244853514
-3.7542565168675224
-6.721528459589971
-2.983194180173236
-6.002135268847488
-6.403386206976392
11.357174873586226
27.11526786342405
44.23443806998047
35.993712734793974
4.411721679559949
-24.731818757937393
-20.605785835353053
-19.347144889983287
20.578982089959396
28.192101907873514
35.50597885286798
19.4548609812333
-0.23449330306994465
-24.305892611094276
-23.79440226154711
-25.178328741783915
36.149762648449574
35.75958922678851
37.519869484873546
10.77149989219514
-0.9634652096307914
-16.778241116552138
-29.025206713685918
-32.09536728304425
69.18180503973409
49.89847610387402
55.125661745030314
29.003370360167164
9.466915254411829
-18.9912180449103
-31.23774888038467
-27.422453469424255
143.8283639023334
128.16215320478173
164.75772107373413
167.64874653802832
153.8264955238775
122.72416189233786
59.221528730569055
30.04943645145543
242.78950659067857
202.60291582520713
199.68892205290624
191.23259875048524
198.7174708051337
152.43681116506025
63.04624744902091
40.81362861711135
350.15164974434447
221.9615831024507
169.53427431130112
199.2874707056001
247.1116173296853
144.22923070570832
82.0017973416076
78.35746388602382
382.4326533373409
199.53554630938248
159.22965539109455
181.32524141523237
220.6658307321503
80.7195188402421
55.923565794721576
116.2446047311458
338.6338417460382
109.55404237551507
86.17931419477708
153.27847845860296
157.82930827422933
57.93383946972437
14.955315043249353
134.504818677607
286.8494902403437
123.86566087215421
131.70412887722676
138.2291769452906
117.68301877709742
72.84732708627706
36.068317827628924
153.26962265991997
156.5228595348858
106.7820956530466
136.37473201523986
90.12287256613219
57.97697074785667
48.629535034038085
77.35650751340081
193.1724930690505
36.45854367266558
81.16633914766072
127.9854145429311
113.08774152501597
96.51158270837541
51.59445303147072
79.61827339580694
130.71104863760345
-71.89316826040726
-14.856616067546673
12.56371215817328
-3.515926807375233
1.0006366829826092
-51.63026732516852
-33.58009186208494
8.116077958316998
-88.69845737662804
-41.39293567286241
-6.382120440000501
-19.96575294526481
-19.747405630307167
-51.7447916242094
-46.444825835216804
-11.936508972633145
-62.23407872821101
-61.19996114041288
-17.823267994639952
-26.72211473499734
-18.66444437510423
-27.11362651684726
-40.929199136187016
-23.282124133700158
-31.058287625406727
-67.63185375340423
-61.291287140674655
-54.37055453868269
-20.724553588474972
-7.341394885502088
-11.774076872709287
-17.470911114963506
1.9565217548491534
-3.6220211752851847
-1.4511153445158356
-12.410242681057419
-23.977850950509414
-29.56146552121045
-18.23440949096266
-11.557797058583997
-0.9794144295912515
-20.79601734609442
-35.72536016907812
-45.38408660504856
-55.51344708638171
-49.66247987535045
-25.624451953489714
-30.965617910265973
-14.637295497555643
-64.19796428348096
-95.95711633482709
-108.87042004955654
-123.03881398035949
-122.88552001238398
-83.68291751747321
-83.45423472902884
-46.669197419015056
-135.36701592094653
-187.7984623191834
-206.00998222454
-212.5204988700784
-188.71039914738847
-140.60117661980178
-161.7371291758439
-128.2303146975165
-274.153531623597
-313.51038262315035
-305.32076692993195
-275.2210858593358
-232.1627618635535
-182.9363872686742
-229.94511881103784
-286.1444612480198
-363.910306016531
-298.79410956962005
-225.7684183353709
-213.94833451413993
-210.92385960262683
-194.25075686057252
-214.45448625665796
-426.7989006686081
-377.29504565836197
-271.0110700799718
-245.87658598640618
-271.1556187301653
-265.33131260046565
-216.8875945845775
-147.355569644639
-529.4182773482215
-370.34994863437817
-324.94594268518074
-314.95279665877354
-289.2900945593064
-205.54303559964762
-109.52858584449336
-44.30690549554496
-562.4187854442862
-309.26962926723075
-262.5170090546973
-202.74429821129874
-130.08518882531845
-60.87840112273666
-4.651055572312589
-14.232862214006548
-534.2893299804311
-241.63951434445377
-142.6508770257001
-64.65601358195723
-20.30424140222079
2.4230054139079518
-4.804958318393787
-54.02678282936259
-461.34207278721897
-300.3630452771291
-183.27364618887276
-121.36437765085769
-79.24636433725003
-75.0875666041138
-101.7040193844584
-147.36242582045847
-299.48866691998614
-276.7021537530269
-233.57649047994184
-220.76905514455262
-190.05583683817576
-179.10482632795876
-174.41982988681582
-171.44458718242782
-148.1184275503585
-198.35208869689106
-193.7792440090071
-192.1406661804348
-167.92013482924781
-154.87331853699195
-140.02990460943562
-118.3911443539865
-39.90467732904631
-86.76715651970702
-104.8174047164899
-115.78623774442741
-110.61060318021761
-93.41125168048035
-79.9602770553828
-62.6754845727795
-1.080650635238674
-18.12051914579907
-49.977417034438126
-50.72056160796773
-36.327086849694375
-27.062085599736374
-31.337786224642272
-27.828860118658692
4.17390670651427
10.781051338151729
-1.5777314701560547
-11.862647300755622
-13.60959940006953
-10.991724790193759
-23.44601825842414
-18.568368078642607
24.629431283298047
4.0948681342724145
-9.520044520007252
-24.235530298396156
-39.70424155422234
-45.27432307228977
-41.46266117184256
-17.530925712067326
36.950635998916326
1.57214660502926
-17.9128274768643
-26.10591787023979
-25.95797360776928
-28.695611952979846
-39.80628896172451
-34.42215881344779
54.08412959493382
5.700827292281119
-18.112976602063096
-26.485335398472184
-13.022858540966919
-2.111589974353815
-18.12360175366169
-22.92081767443355
64.43533848160654
0.9383345042486637
-18.74810483472306
-13.91486531409252
17.938011034201953
27.585996907161935
18.582072766789274
10.223404505558968
86.55382914200045
8.119456135946246
-4.474193883821716
13.29327005660115
26.98266479699245
21.399380677335166
23.543169551604258
30.777158136396064
99.514779690833
22.80686970703867
32.638072441253385
34.99005522353498
37.72428071474284
36.21008851407569
34.85002785907971
45.33573683428147
125.3447054841829
63.923911262404395
45.15142481988243
14.693661393212638
29.313020113689426
38.690749613160946
38.114987136488786
51.370222186524856
116.2613215582934
55.20757983547031
28.321897304563976
9.298913390824966
21.631190488716665
19.19607568308999
31.93191522869068
50.99367992223831
98.34842106505502
60.034908816373466
20.951602990728762
10.57799733435167
27.765112665959574
31.027686327542003
45.35475458679038
53.37448637566434
89.27441498865132
71.88726080136094
7.315401540874753
-10.188069042371023
11.084128502796263
24.652752016348675
59.16160569420704
73.16992816945638
83.57940326158622
89.01887859325817
17.194653727040684
-0.8431413231502615
19.054340147718
18.086391344395402
43.47252356146199
79.56027057689474
61.63191491395854
71.78911273826338
17.34192414486877
-14.092706376122905
10.649364061717352
12.528211873818286
24.91222439932714
63.57582258549753
46.71011830190759
46.287213994974806
22.95035252056175
-5.60045770579478
18.71875245693193
25.80072357533493
38.673523477093596
65.2134940782666
28.433764691009507
22.72795377906634
9.770738035603664
-20.930690723022604
0.9045215175784085
15.093100009680763
29.0796299139948
49.65245550213629
16.640553934211727
13.000666978257529
4.816079193454416
-17.58373346470806
-2.457479816023291
4.612301694595285
19.631843478103566
32.276487090797495
10.89176054294656
8.259755208287414
-0.5352523091152708
-12.750979133220753
-8.316000346041493
-0.7099546071430861
5.72898519173877
17.978181895726962
-7.482737265986266
-38.54880123761882
-97.85679069097434
-143.86622563489658
-155.52770482925243
-133.07712968677978
-93.54777324951353
-33.58812784690165
-32.31613735229792
-81.18426192349602
-120.48367304175409
-105.98166023023532
-103.95631797063895
-113.56916973727581
-104.36456442153283
-52.89983997807223
-56.41230583526713
-110.23099238959298
-129.40384115828354
-100.02043920715187
-113.15613484913104
-141.62728649604543
-117.4919835516557
-59.876066440575165
-77.84915189144094
-110.52981911354618
-119.85497636986479
-110.53914315508804
-126.51279120898549
-161.51949567887812
-125.60399508540453
-61.13000117984238
-73.9666418734292
-86.28700018738625
-95.33088202580703
-91.1432818440083
-111.98123195551233
-158.03704491428323
-116.99132105340179
-54.891469876541315
-39.28943038328664
-41.51815161539374
-65.51853108567465
-83.17071833958562
-100.12450443108091
-142.45883915419975
-145.3575694687613
-60.253287723676245
4.651043243218979
-16.9261897367911
-53.75309806511241
-58.960707246636204
-61.7427956626042
-111.20084152320545
-146.76094993825902
-75.0738019051888
44.69030201382907
6.983832115536116
-18.876154914752426
-20.86384395388043
-30.551226400849664
-83.62711584589184
-142.4197804153993
-86.56657671029824
49.461782434077115
1.2112703687088524
-14.186923293086577
-8.395327384679486
-25.102189614681254
-71.37753612757483
-131.40891238471542
-104.03321586099528
41.12013510446958
-1.123518710168023
-13.876072791010433
-10.378143849899576
-16.395149344083247
-54.607681969502316
-112.72713437078264
-113.71590196232303
18.526879273501535
8.43466622181868
-8.603828588362372
-3.292552548845365
-16.677141287518484
-47.3100295046978
-96.09824365476751
-113.13147188718037
-22.491711032032825
-13.372237028497006
6.718912654805725
22.84589863208093
0.2480526088334009
-30.686582673435986
-82.27325234527834
-117.58094272566422
-52.60342312896991
-48.979608911371606
-31.159399531693786
-13.013636624787098
-36.489093135429606
-55.711070793097456
-107.72670078454237
-129.348888805492
-69.73508804987749
-75.39236024198458
-48.161860355593056
-36.27040104225035
-69.5382615150856
-83.37602748172627
-124.94928939807411
-105.5218604365195
-55.42935399755066
-96.33812302184631
-85.30560970148177
-70.64671690878527
-87.60604436248686
-94.80672531057094
-109.44758697563962
-64.963245400734
-44.265221369193185
-108.91667886366645
-152.36568444395357
-163.70082757286227
-154.50571152258124
-122.83939570089262
-83.10488504542353
-28.80263284829432
-24.812114715872827
-13.465778867668535
5.55177864643341
21.285161141795573
16.3550945494459
16.620227539347532
7.012450583756127
1.5867154393601697
-36.589538347241664
-13.70137013962631
1.128609570862248
17.01038759678885
13.476179867146191
17.14753915221978
8.58266470818659
6.128252116489126
-43.251962237338574
-10.488867893968136
6.261395428613497
19.226687702334328
21.391034639840477
25.00387513943763
12.592921615135584
11.001806901369003
-44.35848476155674
-10.983644876386544
3.5079129860906675
22.35502550980625
29.11707523282902
26.535135147322244
22.223087786622262
14.1357450204902
-41.73406898475942
-13.830852721912807
5.7197945159612695
38.24046435928148
53.5046058250918
41.10250417594318
36.764112841194446
21.913076135604573
-27.977591240639416
-8.96862431579569
16.71590995239354
41.732723872154914
53.03535138161243
39.46572182265356
32.18746109943234
27.01922708656028
-19.677403583588834
-4.517260700503538
19.57858858066941
24.874571696362604
32.935748754334256
21.463672234105353
23.09749599352388
32.22471244662265
-5.9921955854644
-6.752925585747056
2.2766612768973373
7.216807155727307
12.469163395127902
-0.7407818867401632
4.381407370876347
33.32743413949004
-1.4777446535991907
-20.349089591965956
-24.038143174146306
-14.86480483356103
-11.11412393679909
-12.025131645193987
-9.223843452810085
31.065491056987746
3.1066999916032207
-20.134605998275482
-35.979857470227685
-17.43979906488034
-16.391543007694075
-16.30685896930585
-12.332059034191927
28.20560299799535
0.4444213619081034
-34.79111470940034
-46.674954209855336
-9.79234510390614
-10.733377936780206
-5.7200097008737005
-22.869039701845676
11.564087337544523
-1.3048050674626022
-42.19025128810676
-33.00468207547212
7.678390185068707
3.269766011428723
6.425800623249794
-32.89959645747156
-11.907517032075493
-9.797948773461247
-47.6723048702228
-31.68464860197133
3.3468004623294885
7.336631576049813
7.019267568376265
-31.522234304212752
-28.837479266108385
-14.239501388823005
-41.93878984867386
-22.04485542951191
19.650081854916248
22.945516010357114
6.863931488911625
-24.485590403323805
-37.30946120835548
-12.572617587655738
-32.602682082458905
-11.501924419432578
21.92863604075478
22.575888916034547
0.5360781009002662
-21.675042479373452
-35.390771723091845
-6.379774235127164
-12.37023695628882
7.967589559158487
27.06135318546686
26.075804083650734
3.2535216740921196
-18.76034951724741
-29.405263757009923
-17.61076461630174
-74.7606682309081
-204.4071321026574
-279.256102896526
-263.6610783557612
-134.9281250310317
-42.27553722873168
-7.460061727081343
-3.687712772630518
-16.596299107756927
-76.27215831320545
-113.1728451788026
-129.08365555296234
-55.78796278435172
-16.87614048276766
1.3134236603771077
13.052777907873994
11.099365679908546
-18.470266466948836
-41.304261459155214
-65.31972005612121
-17.562642375143177
3.269059415137156
10.620039591869967
36.360481153430115
39.465341660470415
18.967501047869224
8.699579986212266
-15.054627352515972
14.043563911003943
20.517625072467816
18.6672470965933
68.97087335998766
54.94337743180948
31.173769411670467
10.073380331922902
-4.035386894695796
33.052882139191084
40.04089033388812
36.8502674841404
97.49697983628249
62.8521800734156
30.26360411160998
-25.819837993450975
-50.84116688739461
8.57457358504534
25.208564256819056
42.970827810970604
122.9793740226208
67.38113003843547
9.270959104947144
-72.29660952764402
-92.8573779164869
-3.2735154420308126
22.7873010266392
46.69771034371942
142.66219074158377
58.526998088722834
8.428189923148357
-97.2608829722462
-151.22634588525517
-25.00455511012915
20.919138680983384
44.23647084322019
148.76932096668654
62.862352067133614
-23.900571399433986
-170.3125407441318
-208.67525965548487
-30.234902905106928
20.524721502007154
46.57866574349955
141.44621106363758
47.817501038855916
-59.80571439616232
-210.2317942256595
-246.0807538870469
-46.76999212424738
23.877223421527525
58.041465399306766
124.31555758656033
36.822799545184864
-60.51198112520691
-224.34765123945516
-255.05506636461493
-60.662189536064886
30.07688438814778
73.40039989320086
90.84267280384036
17.84779301133607
-65.37429905200527
-210.39475151293547
-218.58498224878238
-37.48416932755457
53.490498327700074
74.34969870280123
62.89883103351141
26.321293291897728
-56.2976796696334
-180.80429176435575
-208.0256631364262
-64.99306078765231
3.6093601848909524
28.871015393693146
20.731953436940675
-13.241224680236673
-92.58387509003038
-188.16803765663414
-232.2000267674473
-113.92903116935626
-26.069569842125112
3.8706636813964654
4.460454874511028
-27.1553879490649
-98.78231123951562
-174.78359840003083
-233.81654188286126
-140.08738256774978
-50.672602576062054
-5.893165645384098
-4.832062268680266
-32.32366324129149
-101.92748737703576
-167.2354756781996
-249.41154096196183
-180.08369162783663
-68.68396612480825
-17.629854803904973
0.10372243125403617
0.5363560397596373
-1.5426528874102372
2.5264244087998247
9.769342966644523
4.6569862809812275
4.726697914338481
4.103194623808553
1.2363417673022614
3.5448447048285905
5.542024867869806
9.756585955062814
14.646528634063847
6.333821653027852
5.377771723614105
5.358497557468736
3.6417103243705466
7.182701667648345
7.982004961334329
13.944193758088234
17.1850397101974
11.843401363064126
9.891793061118447
9.965115320504394
6.935489874028174
13.49247701304385
13.794391372537392
20.116624444192258
20.134702638290864
10.97441522819646
5.7975601167899065
8.797113431863371
26.296605125320774
29.26473284053364
23.87629919443881
30.596920037900716
33.57556444397468
22.606356487023362
12.838930706014072
16.179380406746084
50.605714773557985
34.27486202324388
28.61506090358548
44.261135923908846
41.55222923395233
25.400580675846857
17.81597091715133
24.20500053876077
65.624316707075
37.84698912760615
34.642692500071696
46.223340871972766
41.266580380743754
14.848514685676916
13.106696871153325
29.964609490172464
77.97280409870913
50.07923317128079
46.085854519958666
65.71127717685934
45.364747758870315
14.657997179722676
14.254367628123664
30.152189315716434
78.5425919552848
59.97183734946226
55.712374549121414
61.3361061385892
30.731284904238343
12.837825238809584
21.976028822198423
33.77715184985423
67.59129770733415
65.83361222070778
55.990529864325104
52.0844137939811
38.18209449136519
26.560366018223753
34.95661912565781
42.987883254610075
43.95188454715508
43.17103662689411
44.15500989695266
50.28617710011759
36.937916618701536
24.273319654650656
26.789888446285104
37.73334887187958
28.047366766344926
26.07814070288032
26.20064152930616
36.89718366353831
26.675366800287232
7.082545787074998
9.326191052355375
22.27658591872812
17.283655488879557
9.119356577361849
10.943583542852169
22.515949570111587
19.436326168547417
-0.17314974591533686
1.3048452547780935
4.316424189660259
12.344887301575003
5.175537317093402
7.198280197105357
15.765638802469773
19.66925573588572
-1.7161182219330318
-4.610802263306543
-2.1064155692078637
6.74357501537233
-0.1173148031654253
-1.4729037493259272
4.173628899002812
10.78975827697218
-7.18058146661465
-8.817051841314678
-2.9908627599708315
4.468201892144307
1.8371554867891482
-3.3786928576040895
-6.52973746663317
-1.005286860573604
-9.445661921481506
-5.512618489887879
0.28112255678269205
-23.83698692545597
-16.03938599533646
1.6609352608282588
18.175536364657347
16.644617097553347
6.401379205685966
2.9901119329343167
3.037093724381543
-32.195273434395816
-17.778779125460225
0.06134680727999795
14.99182967842811
13.422357864876586
4.2840898257443225
1.4767084138050137
1.8446061782340177
-46.1202354157814
-25.46001132506489
-4.2267788883333735
14.547507752747984
13.74023760194783
3.8093314496547284
2.3154154389343544
2.726986239074034
-53.52818500809466
-26.973311756399024
2.6554829717915203
20.62193056964271
8.103949696672919
-7.0971233908389495
1.7002411712915855
6.67054055781526
-55.17079058057791
-18.75060569665175
7.972745561802488
17.636225951781864
-0.8694101742249681
-7.650402379692702
3.5363334601719254
5.436245870197661
-48.34936338696216
-17.461988578302687
-5.406527419500634
5.2490590329290105
-10.386377194196536
-13.465501325979588
-5.372038990466602
2.0258319957561923
-39.53159782844422
-27.506791586148548
-23.367080588326235
-12.209302518288938
-25.530792327501576
-27.80826890386992
-13.960495322916394
0.6631785386205575
-33.40751824384746
-45.18004871743718
-43.24703006822921
-18.173874557052656
-24.872347716482242
-23.086740396631747
-12.586556496803302
2.482364549129166
-33.763472816617664
-66.30605026175584
-60.57957636452611
-29.543749251695836
-26.464356239832117
-21.764823887273526
-7.7198074150709335
7.98511243865215
-36.95507708719834
-71.12026206238409
-60.24529946642868
-27.08403733323388
-21.221355896600347
-17.966725581325374
-5.200173965042694
10.222681374342311
-41.8161332268667
-68.35202805281335
-59.61610814997147
-27.68864861450989
-24.318976806483782
-22.833887694254788
-8.495793221264675
5.787151864943082
-40.32237296730338
-59.37862466536163
-52.64238151219124
-26.455819820787113
-25.90870702775747
-28.283801469861036
-17.770700762399144
-2.667747540776292
-44.22078512840417
-48.15883076692239
-34.85015049541458
-14.931876410995455
-21.439771768460492
-33.67641989744025
-33.93462049932722
-20.310866434621047
-39.44991873056885
-42.36307580754196
-22.05906476933502
3.206309002659744
-5.213434552702871
-24.011057422306436
-32.264236930958035
-25.51709414884522
-33.50921623355473
-29.46825617717125
-11.741554835202137
9.17027330911474
3.4010076707008725
-13.569528468042453
-28.4383851314146
-25.247409557008456
-21.335945522795342
-23.880863331950394
-6.709754255026495
11.63898818425914
14.317287777833267
2.4847812255694905
-15.755651973688476
-21.53343326209016
2.1085097883972193
-6.717688396964233
-55.697783357174565
-100.85635786743538
-73.03508176668663
-23.817676859566294
-2.1679460012610914
9.543162618357842
11.228006347656008
-0.5513454745049143
-54.1835343167276
-114.53256605510721
-91.55417446251751
-13.742496295379915
11.666992006404886
22.720266479421195
34.16101412792486
17.037042473393026
-25.378728304274052
-96.74974902353809
-85.59832205780971
21.39365522216305
47.175618912175786
55.556260773798506
55.63406571718835
31.058966455902397
23.742700284374795
-74.74812053374286
-50.67113694082191
90.73004499099352
105.71787213503278
123.68326250339423
100.73949825199885
100.5642030866087
137.2026635159741
21.5905480489195
53.86399441815654
200.73985638434283
168.4138322371116
198.49045682747192
185.78919455922426
187.2588545288659
141.8177182768243
-26.39311115698211
-14.292534883158426
174.6796091073201
167.2758635251113
222.93496339985347
274.1355853034663
190.99762458576842
103.40569760729205
-50.27943752587177
-49.321893095490395
155.86587865875376
187.58506993291917
239.19483281040092
295.17463009425046
150.57574530778993
99.21952398267644
-70.378304537491
-62.18455681967029
121.72317707742202
174.61775128464538
214.23762253153046
330.92280163764127
170.00132035555387
110.66269401931865
-78.86201841301661
-69.17086707433822
103.19361489101917
188.81934124249543
218.97369209639038
322.29702658804484
103.24485431093873
47.7155988729735
-106.768123047678
-97.25236855935775
86.04316186267651
224.95332711372822
204.36994212401478
300.3480227260635
100.56280966264505
71.80614767373504
-75.31894850548946
-56.329604832383644
123.44697956935134
245.41083742585062
165.67539760196124
252.94564694460368
140.1364379497891
92.28170773762551
-22.42173478808919
1.1711909878810114
133.23906912432778
196.5521754950566
121.07646750633585
131.53886499045547
75.92839586750564
32.93854749495506
-24.91438119689449
-25.28673490548942
75.96735876814145
115.32444732863097
74.5985413862343
59.850083723922104
55.18885042348497
2.000204696173134
-60.55774222495557
-82.89342162714802
5.677560513252058
52.13103279356803
29.83790468680756
6.905191504204479
4.403643397136443
-40.12198064435985
-92.14911228854716
-116.409727844472
-15.785240838343702
22.796918064867757
12.758238209318586
2.2648829493748583
-3.785843172907259
-37.286546204471925
-76.32978473130687
-136.50522435002924
-65.81043129328593
-16.866009137924852
1.394455996712018
9.863946987607836
9.746779778161903
24.22157412063254
34.25261088399123
55.49373330007741
47.39431637885407
46.74550527244925
34.20216375625063
16.27654649752667
16.022787953539307
34.31513349602085
33.07937042743848
53.148975997057995
39.47868447999973
41.574592466301375
39.378762855958335
23.321122040238862
19.796485814813554
36.421589618092014
31.9689808470984
65.28990309788175
47.734465102521845
41.97532328649245
38.52419600725258
26.691499728376947
21.56788428336165
38.032368276468695
48.079738463222355
72.71089379811103
37.9739366683915
29.271484813964122
32.03920124154145
9.786053909206966
20.646048060899098
55.285792621167076
69.08846109380795
57.09321439951206
16.94916446246207
4.733064957857615
11.636235246820624
-33.17843367014535
11.046289477628646
-2.051723130576761
-15.399006433171857
-2.7146983022374025
-35.92155052461561
-38.63201333212319
-21.149557779273575
-86.26991654746786
-36.83914671822994
-84.80380418202776
-85.56231614239945
-70.69027185179223
-101.7695152657341
-83.29390528390869
-73.67012854470006
-75.99617373585751
-66.28148623631328
-62.2078567503323
-96.98353222061156
-103.9746174660993
-67.55539400578616
-56.15410463060899
-119.45153198872889
-70.85995691698943
-74.81896959691501
-22.637232887358568
-89.37767827280739
-82.99128521563068
-13.514558017281734
-19.475807075474428
-143.6199179764317
-48.77603738559563
-32.51644319676665
18.590355706369596
-30.611150078042293
-25.445774401490105
34.11540414297519
29.07193932977248
-127.41527223044821
1.457123579897775
34.046143595442466
50.12753914796116
27.876965745323997
42.457254304003214
68.32541423290232
44.088598125289785
-65.9204555842632
47.19502772756592
53.60716074042526
59.28107603411086
66.89998119906015
68.99317081094124
70.46838473104506
41.028176812362304
-6.386738109042039
67.91768070390246
48.397051058621386
38.72600582865775
47.66632293293484
53.244701373451186
49.40473100729804
32.53802565347393
17.130165145395427
66.93202377662088
51.17464643155719
30.171689899667683
39.28804137622642
49.273135486294336
30.743650839740518
20.355256941098496
16.111316679961348
49.08671994077681
44.08064209048421
31.143581675092886
41.70642257608891
42.38209493393415
20.571393848110528
14.756382973908323
11.435951966770562
28.293912620577814
43.18169730422092
42.60919033501886
41.26156206042389
38.85481273125492
23.968188489808067
15.460481672018252
9.902728897483984
42.50812562335128
82.66732456105473
145.69434469420915
170.0599184081246
180.96735741164977
172.89844548629893
91.4296655122666
44.8103202111489
70.87782927973286
105.62053582606161
152.51810718859716
131.25384001923618
149.10027855238872
167.4484090260034
86.58772062605307
64.17647550061221
97.28309107494522
166.9650229208716
167.7384843314804
88.1392163603381
110.8228504020906
129.4169332942347
82.94379717417993
82.26394508426554
150.96051731666918
215.5033378543693
175.13852305036517
116.79572368156622
152.98092819416874
170.34495686260246
120.67921237765681
104.09679393421891
159.3342154466211
221.46081425277217
163.3243343396294
44.57419279292435
65.04824565847309
127.93071234504055
120.68974110869624
135.1742826975275
152.90700798043272
249.62579579488434
154.54321258206036
68.40959271247073
74.28819906457397
104.06748898990857
177.6551322177885
158.5413892472202
130.59641215035265
205.15022363569506
36.452489671535744
54.4926801468716
100.50320936563192
214.2746015339097
153.2194674738941
109.60707377364494
102.5362109993932
53.101264016256295
-38.97299336112215
167.00261149844948
263.0430707268095
295.987949310701
82.7196948009755
49.9315713494944
95.65069093022996
-4.429484213007055
64.36251864061859
317.5040145345184
389.7628740277513
278.75057903847744
111.6144390607065
40.20951681839165
89.96101575126393
73.53521855885607
203.73832381541416
348.73723708918936
322.6221492611523
164.35217440440235
158.39588423107026
61.26568593058113
97.59314455842693
220.63984195217589
324.57448095306205
312.37054772934556
258.6934950346377
205.7834819235641
235.6868555531609
94.59525574033684
-2.5195503512536077
200.28915697098356
328.4942051388481
239.23098872188947
182.39070695777298
133.77241773729858
160.18147933050335
44.49646364246631
9.406354316575126
173.64277613437577
276.3824576062204
188.68384974686097
155.2837313495135
153.23657873053708
193.25098697954033
116.65389922201588
37.05289096861848
158.36498908494883
217.8786848227141
150.48355314860132
131.7078124279383
138.86436040681673
144.88679181438118
94.35697574933589
46.710692242985225
148.55746852835512
181.98274916683718
130.89745667904143
152.57396490121647
173.66695392547615
141.10243240150544
76.99011129745452
40.76176479421691
124.95733351314072
206.6852817115837
207.0690657737313
220.58288843650996
191.34183159020134
114.11527565043112
40.169683828412374
-2.7418954260826767
-5.111699078863586
-5.038790362111216
-8.429456624588452
-1.5331214094733916
13.04784679269143
2.567196052067609
0.696154952349502
-4.831564543088097
-15.636772098065089
-40.05055507721693
-51.06692045452344
-45.85922109894636
-26.23185682494488
-18.609548452470307
-6.704046557835042
-23.43602707370891
-60.326260257479206
-95.79319302330754
-114.4510466255746
-120.4012391020454
-107.50097323071473
-71.24584448748195
-37.15494497415093
-60.677306895309655
-126.09399356619961
-167.17772058737947
-169.83608849847167
-180.2411592639798
-173.99002346281148
-148.70559569734434
-105.82157668302592
-124.58375144567941
-215.26380479888903
-233.82458522552614
-207.8988871760206
-195.1910625749849
-206.39686224940073
-223.43224286751774
-235.91585062191245
-215.4929813578724
-260.0975638214166
-185.1567072625271
-123.68173721921536
-86.13129556643374
-123.66762137873802
-204.66941435280663
-364.09974476620476
-321.98619142139665
-224.75186592931553
-76.87532525039549
-21.5147824393607
15.057255196863043
-21.34195394702043
-129.24271260813472
-459.6775222131945
-410.16741203207044
-116.58126920974959
5.727421916891854
35.414820949729744
33.61733838033138
8.0504594244744
-46.61445904676398
-492.6166130330277
-453.41464115313767
-52.14569795630952
23.530941439537283
41.753492340606634
18.960356660294675
3.4177929478439464
-66.47184133182171
-491.5796246570647
-462.60743932040566
-38.921691582162
28.841060043910623
29.865569910552015
-1.223273142229179
-43.81952421344503
-167.08588947447868
-434.6124273228586
-441.8534630235569
-97.46000184628058
-23.19597094076326
-25.77703495617081
-70.2733093576519
-154.72520037758255
-259.44328792592336
-312.8008704101576
-354.68564286373424
-161.82405837500605
-108.29298234994327
-130.01921262856146
-180.8689596867293
-237.18764268938597
-243.32753825882318
-162.68867957292272
-225.00516984838669
-168.15780400787406
-142.96614585532396
-159.6937872669324
-186.26002942014432
-187.2370743078389
-148.47824966787653
-62.38110948040961
-106.96253235554931
-110.75853347450604
-108.98918164932581
-124.8322796514315
-123.40737090661217
-107.37951158844997
-65.47243113870181
-12.885473784312914
-35.253520211571356
-46.47918972507177
-39.7050573638742
-55.96023555722742
-63.827198161871834
-55.434016288036794
-20.589674531169386
-0.4847710499147046
-5.60952830603061
-21.87817213399058
-23.05442576531355
-36.30659750191373
-32.38047630785476
-15.180367972511913
-0.5271294101332993
4.944745468698472
-6.327137542499022
-35.22076745545882
-73.85314316540281
-75.66203616855317
-89.6513490522015
-102.1244595175224
-53.15742272750536
-7.831102563502295
-25.13318608511003
-50.201756445728584
-74.1856694459334
-27.78790939486103
-24.73778298515888
-75.41105988377163
-84.18962920111673
-30.636605884607324
-37.85401720503825
-53.123771887636515
-66.13660401670056
-3.7087552196400115
-0.9784755829805712
-37.59569284972201
-81.49641927648818
-52.21654519162161
-33.871363650245485
-50.6546736946764
-54.86909801384606
20.41598914264283
23.276614266819024
-9.817935584720198
-64.83906747905789
-56.90788241501531
-10.291401894060165
-35.08694600844246
-43.270524107484356
34.68783945722424
36.08964804801164
-8.656365303173091
-52.56505622985609
-50.46211945982233
15.324787472892679
-35.03682191575301
-50.05803451662134
4.19161356724174
7.379976553179915
-35.3709997989982
-41.18858116355846
-34.211160173564025
16.999673570395128
-48.6599336632125
-61.817053925782076
-18.15344689907134
4.32463019398449
-40.584211561433726
-23.958013078808857
-3.940163390748563
26.878967209846387
-42.32350729710887
-65.38989741325466
-22.883073845233778
7.382193892723024
-19.88105581824057
-1.0872101698395464
23.70512577052492
28.858695190831416
-45.047528459311664
-57.968397771133894
-12.473495094977402
27.389243174927486
9.654930919454578
25.228168566606435
47.30708761343759
32.47714701779154
-44.29637091766797
-61.70075122711633
-10.256977823287475
34.37758652341913
25.976308840006624
35.823065501286926
52.0153330375419
23.354009634366015
-33.20177834858747
-46.21558026076559
11.16198750006087
58.951138662303734
36.595960489791885
48.74358566428703
54.317824885837545
9.673597239621387
-33.51517691945749
-49.55189138373093
16.575330244231754
68.26682849926719
48.85348717605328
59.725147166503675
49.8121501285458
2.9738329256335754
-16.506497702993805
-25.883806798891253
30.10286555206492
52.10900153313403
37.84629906769748
44.20614326567315
27.360579722004672
-18.575368963022918
-30.824470386112544
-32.25470497914225
21.05981377292944
37.181202489950515
31.502282258998402
32.72877673961789
20.077631242186612
-22.58884533749133
-24.956704672437947
-33.481767395243864
12.872636717518807
37.57524233752398
15.884006696244672
27.812395051747096
16.221069035280035
-18.856881420561717
-19.31994967525118
-36.08580249553705
-0.6784474962728397
35.70075216368873
21.392878261880387
24.68574343474426
9.607974001625394
7.0001046334537
7.431884990088905
15.196916148467762
38.49424002216878
42.90996741133926
49.73484819659163
38.892194286105365
17.508276410183427
12.532354876785698
11.125190276860872
18.329175697078213
35.2079058873216
37.82822578582349
49.268882100735446
55.5655869372057
40.20615028493141
12.649647327792351
25.531867512022117
63.19565826060234
80.58404134594034
56.72428392673515
58.150304218345894
66.28730121563531
70.22942021861009
30.899096594094754
58.02413978041608
95.89662997718852
118.65792435989272
97.58095274127957
112.37292866926785
112.58569526042508
91.85010813419238
47.9991925169804
75.39339592911739
93.94019288791743
95.80088491316546
77.74095542820353
93.74854270593455
100.4638180075569
103.8222398984171
80.97281527823654
99.67254078376777
101.73997365100443
85.51892868329143
100.29641310737816
89.55670612180069
81.23972829121347
104.67234294034252
118.58297316624355
110.96355546358032
118.52785785186242
122.26211304772397
122.70761214535517
74.2892193382805
65.80020288620915
92.99771574666156
147.06151582972473
119.39204587322958
138.61984654103375
127.0685864929473
84.86467430610617
49.601247919942075
42.113663096026144
78.17864598298036
178.29083501367444
141.4644638081507
142.29171709655716
113.59858237249016
52.19214358542663
37.04432629339246
31.73868244450936
80.03801745269173
196.07396157537724
137.075764783039
116.46972221074087
79.99173996237852
28.006378443543333
17.657695042993804
21.080325376393
79.0137206477609
206.33179484505897
131.80659601779072
81.96870730243745
87.24743450114853
36.1785562131869
20.468589177809744
27.15745613911784
79.19373502717596
191.38072701605765
148.2454795450814
110.26780729936728
116.1182240404951
69.51623915475614
42.06217487419338
49.851354731009884
88.89524908839586
142.8626816974829
133.26798513225918
150.56761084947738
147.2201367425265
92.12694406496306
62.370871957737
87.17915301294289
71.86722033359851
96.15755524664473
73.99277470759984
110.33750521090352
129.17533255449834
96.20314768069092
80.30926429392422
67.04349961230906
32.55907881738347
58.681150639491904
59.4397168165697
79.0872477550164
79.21661652846454
28.444705158764787
17.731986658376034
9.165834681797799
7.922086304048855
27.382689464286553
39.78857678932097
50.401282085258195
59.00536972399395
20.61314181702984
5.571066322675361
-1.859580475629061
4.534802353529191
-2.3584398990135482
15.683211467085686
34.93485782309831
8.315854085265004
-8.240667744702264
-18.19657280179079
-29.017689077823704
-32.138339263843434
-5.084117580778613
10.341437799427622
35.216055435746235
9.46834527408665
-8.02420757225726
-10.713794580873945
-3.1417430338568844
-14.977552481642052
-15.51712514296541
5.134275752868663
40.3647387470484
26.748740123952334
14.621929874389357
10.276408433552357
2.108821937808199
-28.015828867093038
-41.96547561983984
-25.0476471725815
17.024373345610385
4.636473984343405
-13.358073505119922
-17.059247108837265
-6.393435394777971
-34.543610675556224
-94.27589645164788
-45.089338170348576
-9.037086710408236
-29.634543140571004
-43.27538515464345
-47.499074774465726
-22.840968490514694
-34.20027327564505
-126.5677020587204
-68.35540514532562
-40.169701202672606
-29.961929196938964
-26.921415434750415
-7.544601865616628
21.568281371592793
7.763726412859253
-129.4797178163726
-72.04288660888956
-36.70626795896972
-1.3256191498672885
11.315946997251846
32.07691439701069
76.48225382988878
51.19425135405418
-104.76021732064318
-85.99475516633912
-47.58161628021796
16.49163389419751
34.836790544221806
60.95249015902687
81.14710586278763
65.80783118413812
-95.92291811173783
-137.037051161481
-92.21161167743676
11.728227908910979
40.25856328643872
53.59021962731723
59.34538781665008
68.97052351606725
-77.37023518126381
-138.881282884222
-87.40385695332576
10.831825162844416
40.49858075576233
54.70746469346642
52.50442452773031
74.06375767996643
-76.12813768406421
-125.21389615210143
-69.45909033790475
5.023786176281854
26.032826989555552
38.34226956224494
45.01957129899899
76.00053699888129
-58.60930796712872
-99.76750833322676
-57.75111718310921
-2.510372774177011
31.07441447710922
36.26386655433335
39.07393903494211
81.11881204677968
-41.43324279907741
-56.519770309993824
-18.500622197474204
11.73799061297546
39.8887694403933
53.37639380420129
52.07736596727041
81.26752819892266
-11.294943303476689
-7.143566742092758
3.231068551259964
12.98345920736369
39.03518091485873
46.9205488058651
53.15724785512612
64.4767008496382
-9.462871060866883
6.293922249254452
24.130983993786145
35.997263430521784
60.69847327826774
65.29926213841505
62.098832413846736
37.322427055054426
-3.0111350415847453
4.757562890417619
27.534719397170626
44.817433046849914
62.94439534534309
64.04909793384168
41.26641494140307
13.975336692196054
3.799273457207309
-1.3497780282793148
2.3088279686205415
19.47305691879567
-0.39222463750222136
-11.737832751313546
-6.79636069070214
-2.7913273516211237
4.759456818268629
0.07007606759867117
-4.401030855766292
14.417806304261148
4.044010675130429
-6.525663391160592
-0.09285240816853124
3.581905159989761
4.817878283465987
-11.3591774145434
-22.54132093103237
22.8425936592975
19.32819898732701
17.40687877073259
24.770352346580765
22.289078882944455
-3.473430256375638
-16.61743412286263
-4.337562903491806
55.7881156859824
17.225032478664847
0.4039964573942596
20.470973452566287
38.16080161508343
-8.073598074908759
4.5373669348944565
37.607247773629965
71.42564462977167
35.8059112206953
22.05700679975395
43.903536007414196
58.01486206567652
32.69963255917899
48.837632527978364
35.887605156549746
65.00397195051514
52.49680624483958
27.65534011872414
37.37269012236562
72.89582214559259
88.00730809524954
46.642218734879386
-18.453238606511057
29.53364809206139
19.482155248806475
15.142591387383748
29.442186739264013
75.77943138354703
156.16375759897784
44.51056806153926
-34.65336910501188
-15.679708217930049
-12.135414301373515
-8.878236477480936
12.873618129668404
65.07042951033348
194.94477082278897
60.03279535190281
16.774273248813493
20.766785255132604
-31.320295347396115
-51.92530483161129
-36.45573640323086
13.71008468582338
199.81240012650883
77.87786874878621
48.67198190289745
56.419117677831146
9.32227714125448
-30.423995888706894
-36.27727424209684
-25.990592971281423
180.2020446068254
79.45215026402482
45.417377772605285
70.42647002233284
39.058027629149585
-7.2839442361592885
-18.316746637500536
-38.928927654261436
129.022938620987
84.36664856021567
40.69027344315189
53.46157348103553
32.01378739413811
-3.6912225943581607
-8.005876787971667
-25.12714131483994
50.28845689170111
44.98300826195884
9.326856793195775
39.1157583312842
55.065220607802125
12.54849426972953
-10.384959411677691
-25.9978559854588
14.463541037917132
22.412972467600714
7.436483777404214
36.2512079598985
46.72410986231808
-18.052797739579965
-20.640700424936785
-9.73785256823381
-2.2428347972436473
-4.9508637331366145
-1.0799034453820247
17.892419279722894
26.444660484286466
-16.23101707365208
-9.937227194621611
-5.3395412678024865
-13.137233804665708
-17.692487229106533
-14.69465925117641
3.9752340571779783
25.83268544341453
-3.2128446047231134
-3.705701881098131
1.1967506759502164
7.982010842318074
4.11567719559507
0.23236753363160664
-11.172244818964108
-7.208643707463798
-1.870765319598961
-6.563261893112593
-6.824382991406398
12.297516639934727
8.208871258223278
-9.916634085889843
-27.643528562619824
-21.93483834968064
-7.36199073350821
-0.7713860352389166
3.0062484315008615
16.23347524256209
10.216143917238737
-12.824766163778605
-33.71662956463255
-24.679317551987037
-11.010686179623674
2.03529912765147
12.245357922427504
21.77263014839502
7.596980742552154
-19.332016927395312
-38.68192837791145
-25.88294116900936
-19.129867186642212
-1.8648689755132148
14.09297937421851
24.59878595176438
4.775832242999695
-17.237528370134513
-47.525719494571426
-40.5870346506725
-36.62587350393233
-4.263544633591064
10.078613049306925
13.050143267282364
-6.555239889085094
-23.513526764360055
-74.6650169864136
-80.23832445038656
-39.578875991970015
-6.345032764112991
-6.283654858484914
-7.522466654742722
-21.39294880725663
-36.01777321068974
-84.85039826332272
-95.2946214685483
-64.18751335411805
-19.089477085652252
-19.056998270453157
-11.626386863727008
-14.394341601679532
-33.324691479963874
-75.66681358176683
-90.20605721119692
-57.68346464057553
-7.031143728218102
-12.122949343311713
-13.133846540482198
-31.64418040212826
-37.17912802253349
-82.9069110867503
-103.41557975299028
-65.7534650143484
-14.558605899135886
-3.2313904800327884
14.360101135945918
-1.0931044320028542
-12.58481965313791
-65.49948735055705
-87.43650611614079
-28.846395382743403
15.99183110336583
29.37749422609898
33.967162699798564
39.728887715552105
15.063426772112145
-46.955718215895146
-76.61144082297746
-21.719043656011753
14.59154600440693
45.70149631058969
35.04360317893729
52.02219899077136
13.114443809688895
-40.94798155668241
-72.12770091398315
-10.77654765366328
16.923150886015495
45.818750100033725
36.85177561233723
50.341203933951384
20.532378217713728
-30.9917880987435
-64.96961289879529
-12.76247875245713
6.053433566319804
24.91487946921997
35.05668592369114
35.945746910318384
13.674034476410734
-24.44017034262176
-43.52580046861557
-7.035213716528535
6.148674414343247
8.231019669236467
28.00639152590303
35.22151853540399
15.926240644769889
-9.661317025194323
-28.05435136116938
-8.678770911766241
-3.0787329684483513
-2.156421013661897
11.493748050969081
27.343924522748537
23.240436473364003
4.6180899305796235
-19.537958149805682
-15.902294573837874
-10.45553829972025
-1.9546315535879473
6.3302962416101725
16.06406206038151
40.53532291082604
89.6814421309438
85.53716308968374
49.61063370238168
28.746610235229294
14.012752980686486
3.84058965321885
25.11712189826435
55.72155441066332
92.98985243544259
77.12931733617066
57.42319295556348
34.14299554208724
14.96442784972202
-19.465864945221202
27.052602776949723
68.23054344339756
116.27176382860908
97.35046024135603
69.5537235757191
40.88154704772928
-1.7728389633811825
-57.44267803769245
51.56941932666115
87.28859247583853
113.83347947036759
73.78513273020853
34.50544516241574
9.604577768253725
-29.2074798195463
-97.15558429451255
100.40020650738875
116.91891113739416
123.31742939413054
77.57008223613629
5.79793240397366
-22.05851494082296
-56.548553735673
-110.26077729179755
75.44623428233527
51.01686570837012
59.49439860309652
56.003386662196306
-21.37121330466435
-47.134141832030714
-75.58190691479471
-108.53727100506806
38.401776786580086
50.379976469076325
69.29036618253039
70.03007737946574
-24.881919447609103
-64.49503424120451
-83.49328347097182
-107.1527615257259
5.619947777230942
49.4684928134412
64.13424353744038
51.969064604827594
-66.55397488137778
-90.19086423754308
-84.1874675965029
-98.75693060764286
-1.2362023608498505
59.2502333819987
44.3799542070336
21.90745798188222
-93.70524122527688
-119.18261592985334
-74.47212388832017
-85.17303618577178
-54.00392387797564
9.119415997934649
10.185762676322177
3.2333772432731838
-110.29599028653764
-143.9678710427633
-73.52326334119026
-56.21911554297627
-72.36214919671737
-55.41928458084732
-42.27571718360099
5.2664670233368795
-70.20617177068915
-103.27457620100395
-70.010476303818
-21.980575217878563
-35.93082082171121
-30.589881803571252
13.949128615949942
62.556911781136996
9.288520761088957
-33.749042094885276
-62.05134030395718
-0.8608312638867655
-5.758349401261937
-2.5215386110434816
37.91804949587295
59.1927559315462
-4.924803918765093
-31.547882280661742
-48.523030814500046
15.30043994464677
16.751473559164367
24.549790596799138
45.30042290827544
73.77562237067815
17.462286032852866
7.645813701769155
-2.367766449935533
16.291954168993932
26.048119209947313
40.86618238658132
59.14242625190317
95.8453806304249
35.38362315342615
21.654059553219984
8.985201467429295
10.798378630325564
19.980623246752543
30.12962514906608
53.039134316688674
82.82999457105458
26.419883835738062
15.56622889760547
9.719754671310636
1.6697273761627112
8.120470193973103
19.7111341543718
24.119967851498682
28.433890625646175
23.297334345388997
12.84896587837596
0.6220805330139195
-2.703071279286268
10.159430112544873
21.55760395432653
24.236073276874407
30.348245427040226
26.152179520851497
20.56661586882558
-5.485373719906454
-7.211286199123143
10.490979855454054
34.195946287218334
51.99750796792755
58.27179096496997
54.16549324868539
30.34533144935189
-10.904114013424756
-2.9975731432770907
18.805507041823937
60.22543826880263
62.889971680124475
52.96025776149726
50.29013533343847
16.112592770236684
-10.304968525141769
14.476436081129034
57.58173351038462
87.90000400327665
67.71784143383239
81.96582090215018
75.86235665943215
16.938868340003737
8.86521692967138
51.26159784622482
67.09560368661538
55.25677083043324
42.93305203246447
84.33921923671346
58.24144127346239
6.474785908562518
33.17555177244882
80.38007282037395
26.02285207286227
41.61354968274911
49.760380375703754
76.82890728568641
34.30555236784897
7.616864236169705
52.85469475036087
104.28819964828442
5.008486090048029
42.154194023170426
45.31107633326562
55.58618520051311
25.38759110048625
25.41473833570508
65.63536437224302
121.89449224376163
9.020007003067276
25.346304290796354
28.014112312788733
49.09897561976543
36.758748688345804
38.59511492922058
79.29733550346295
128.16848166035425
29.540272162327906
17.14544821787614
16.756679634459857
43.6360720369305
44.48591154740168
42.03301078169131
85.76320081306217
119.73766250577646
79.07373880543045
34.2222277671788
26.037710743825205
38.249125379615464
35.485378198968704
60.36631645550594
96.3316136302793
95.2788516731485
82.87428853782329
35.84671418428022
34.24278625778164
23.041843332352734
29.601597587249238
53.85031798825357
81.47405118410946
73.16803467127785
68.57829526606443
34.56134967849396
30.270463936664612
13.015023956560126
24.4869579134112
39.80049551593808
54.15738713627454
46.05179483884432
41.171329127414594
23.344746877514872
14.263220455967554
9.916169515259737
25.29264797397537
30.227123623706483
24.87157739880738
36.66892074112043
33.578864161816256
20.840848886836724
14.782198542343883
17.04465915168326
23.39036132704284
15.988604169732527
10.475466648581133
23.827195475182513
31.848681989204778
28.69291846787538
25.23119125407078
17.452454856649688
14.707243362170932
10.690897560396454
5.289680757361381
2.623087488538859
5.156470505036936
7.855947222323486
13.401265149490467
14.290991114987726
13.444416506827379
11.896180315545696
7.577172599531066
4.888400345901564
7.754955518294507
11.751119228756068
12.529907721768915
13.120188806650582
10.73709683116444
9.939274865837062
6.143927149676429
7.7708506635321895
11.609774783531618
15.564774719143207
16.27785666719659
21.06538603582641
14.145690600893627
13.202951747182833
6.2651322568996655
8.918956521859057
17.314968001140052
24.837803467251934
24.11303925308365
32.677158960035726
22.729078169918886
18.682886426675182
5.17378699805149
4.916237691939746
29.59783919270848
33.10824151208149
33.68322692951571
34.43857159976088
17.86392410273957
10.58247268626157
-15.2931806791372
-10.568348893690132
39.45300563419982
27.58090039931112
26.488615618247326
19.718146083186543
16.271652272543093
2.1431957003703053
-40.784726567182545
-17.40095274879098
38.59746004191477
10.851134272509325
0.6866796652126097
5.740779094623527
12.334044137525051
0.29558556936243924
-52.97587420265927
-22.662624314296785
20.14763281775342
-4.350896584929863
-22.036108111578567
-6.678876412589418
8.079206925852233
0.45463644469973213
-49.00545650180036
-20.70178608800453
12.628964367815247
-13.540491654034177
-25.617645661681316
-12.035947778478015
1.996277173007599
-10.07584587578302
-42.00825145051829
-14.37364979202743
-7.4249032968282425
-30.512428223778077
-17.95472754400634
-17.30957515941889
-17.606926391789962
-24.773761234028374
-27.441296186620953
-2.2133039095109197
-13.228701426476691
-11.768085662826621
2.5114588657448356
-10.521129621981922
-19.401669443264385
-15.241630751139532
-2.5539642740405966
13.351276450526177
-0.13395289663694573
11.815275034048693
14.020915551242746
8.43862988416251
7.261949962428804
8.838897063110567
11.855103071908289
23.467888346963765
19.070619517136926
23.559894029993508
25.269009338770253
24.46147434326474
20.6400742366387
20.30992369875198
14.275032897281537
17.708454302571187
19.914245219582714
18.763739630590774
17.693789271929596
18.857587282887163
11.396167934440273
12.505277061711483
8.861942525232013
10.490149839585628
12.328876036630403
12.334340232005548
12.319844519535334
13.772426796328801
8.834169031419043
7.4786189945948545
4.252637941996183
6.280699770161609
8.64696787700456
10.355364276339232
13.387965027618586
13.688130878659038
8.61736405528247
6.30132013378779
4.0703208528705845
6.5929215386118365
13.193868313214098
31.855251985796986
41.150182745500835
42.46269560127575
33.98055410539687
17.671861715449005
6.491414583223716
8.092538112017575
20.332398702342548
27.054562094825304
27.795422448934485
22.939459008320405
19.60596113130405
10.198057866314242
3.592139209405342
9.286968751440027
21.7925087765426
25.427350593904038
23.756766903350652
20.67218723074147
16.61827999815755
4.097933515133118
-0.5622202895104842
7.834126726339584
20.253120315628873
25.473400505338084
18.683796152126252
20.10936021128151
14.689518864572507
-4.255253856462678
-3.6848671304618033
12.184098589021255
21.45457559637383
18.91921374852194
18.27875276637112
19.937414972988837
11.78645794531774
-0.5526840727877469
3.6896589658185226
34.39908929330157
13.362222602141669
5.578777204707125
25.007697751035284
15.299710061435162
11.002842921444005
23.089905257231855
18.297460185601846
52.95418851612768
7.64467291820962
10.646154479731583
15.703012313207223
6.954219705053564
19.78676538226566
39.58503663355719
26.703901348435373
67.86418553228182
15.504365574608785
4.6073114127566805
-14.43113933813525
-9.140493427136683
22.699997078734757
43.52571037634152
33.20816883788958
68.21392803153084
20.94168910612148
0.03367266632259577
-15.642954247840864
-8.005639429738824
20.421012357758784
34.00169327924009
38.5723232649087
57.365835682578826
16.27771847756536
-0.9725080127245178
10.04208582082162
-0.10770312977633076
6.371936266950191
19.28475225244585
42.60970244441702
34.78383424738236
-0.5733172009398827
12.45706341447192
25.157487036856345
7.518049390186002
-1.5812138545734007
0.4394175954684483
32.51815169998617
19.418593956314776
-4.2965312769624875
13.567364038480653
17.569857776952347
7.5166409484128005
7.872505176002367
6.121978158236563
25.192441094743497
8.722558163640752
1.5916150487479488
17.916053719370332
19.714429951029583
14.106806398150754
18.93527226197757
18.097326914953243
24.126888088513706
8.781320233560328
9.040735281636376
21.629257365725387
27.819160364670967
15.849171407822423
20.251461523814893
17.201544054042607
18.32484789969213
10.525798845361216
12.16729983780495
20.20423878398747
31.28824879924599
21.793480652839133
29.395346770307917
24.022470501618958
15.156313283488343
9.678382545293884
13.893671126820548
22.68606441628454
36.24271484200709
39.36991102773354
39.44514415075197
20.01917933488667
12.472607439655993
-25.150700957235806
-27.409259422651168
-6.276291430365724
13.680762862958675
13.193331347831593
-12.771112378641254
-36.28782077246027
-37.66155106386464
-32.49714793335885
-45.38130190694722
-24.884790630558996
1.6035025819767155
0.6224972368388941
-28.79123307880896
-49.056430933475156
-52.858183148536725
-29.683256651677375
-42.29350851274857
-34.79445807826568
-9.909697015955869
-9.404583037668909
-43.99650513814148
-64.98426144486085
-55.29419423992493
-26.273203665053508
-31.36522294249186
-31.772920299012533
-29.81214340086685
-33.312985599670945
-62.24192343075602
-74.90207440913261
-45.36778179172729
-15.53713528749649
-19.2267612879776
-27.85469384861523
-31.85498215209233
-49.84895006594737
-82.8658385701836
-70.85153192734263
-28.743512819126366
0.42962382397274407
-9.126157733807988
-19.03066459163047
-29.99010083725403
-60.71532260477076
-87.3913914978687
-55.32338942374272
-20.813016608761448
16.09663432335752
8.24414454067601
0.5911995502963051
-19.399841718520367
-66.62368549581835
-74.2093743577096
-43.33393852879049
-17.762638066717734
24.82158007110802
12.382664683048091
12.634326488118436
-7.5144367507905905
-56.90104218281684
-46.55541086078147
-35.897788690581336
-11.14577411868129
26.57480909577061
8.921607528352096
1.2226464551690839
-6.66322877548186
-31.264726086812594
-28.497453388977295
-20.027662468927833
-3.3655314259441242
22.980817005703916
2.005113306588323
-21.27248230769665
-9.671180767426733
-18.273414254484617
-17.341781240481495
-16.941322790570812
-3.293173277715669
10.833553621759469
-18.64193081224535
-35.4334161027853
2.365693072632766
1.3023712540111025
-9.80786167104287
-15.008969023894332
-7.538429750919031
-0.5903256358187834
-27.593729025110587
-28.30720077896305
1.7960046160423355
13.494259688556479
-3.1002113951676273
-15.930769713155284
-10.389968574957685
-25.776565689703975
-33.17153638761131
-23.293111833427343
-4.709315320523926
18.01231498114092
-3.561290790449965
-18.93328750446869
-13.11456717439808
-35.98761468444307
-32.265422984046886
-26.179607828192204
-6.996681627435314
15.434717233023118
-1.9113337640255086
-14.465913150583216
-12.070170538113135
-34.98102416262482
-30.725401830247336
-27.398443781156892
-10.343215137631455
7.446328727907611
0.34380375783648537
-10.46607124823247
-10.348707719899535
-28.63508998960124
-33.44873547015671
-33.12305482216732
-22.197196260755803
0.02478567252462232
1.3080399240897878
-8.831542953552656
-6.236899366404608
11.480069143327135
23.278331447567307
35.85522891986508
60.94386175481509
84.1603597350446
52.731869496066984
40.35730151542214
20.209269130743817
12.19923061402647
24.4347038519521
40.09577608815103
49.96609244129366
65.40306225137567
55.87439424592859
59.51313541683116
33.83292924806498
24.85156538996443
34.029155343111654
58.045230015270974
62.64452165756799
111.16562899516946
97.92239296876973
100.10234752778696
77.89414322861158
32.72162803332574
70.16365978410005
87.34445110950087
95.83628497461356
174.738492005344
156.25309885066392
148.368316677024
96.71081235042688
49.579668038026746
73.68117724647622
59.79206344985587
146.37695463981174
167.35069904768662
124.63164838367183
142.60918365381025
97.58880170287192
90.56272404952414
80.89527439609323
142.01179307880514
182.02167035556397
113.29429119199544
132.05190722940097
147.4269534760939
92.55396540418941
167.16705039932197
137.2097558668578
190.4232673367803
166.24138108772863
95.6132977231377
142.18964370843057
123.38975318601838
89.125860776504
212.5777603421852
151.33460163935501
143.3751741412286
135.73784766949902
149.95458184333538
141.90015884668554
85.02205296030453
82.14994755052186
258.8500785209564
142.02666910405253
114.45194327893003
108.05019754815864
150.6749134739595
128.51771601527392
82.48209966094385
85.75892643174721
245.0396047115238
78.08367265360569
74.01187255948022
80.9659428952292
140.97949127011512
137.73548141192717
74.246992218561
87.84737899056111
211.32492009404675
68.5189149078064
71.04184018456216
106.63256291844274
115.3727888198285
113.88835113046197
69.83487812150612
72.03953578968601
182.7548989098941
97.31087524745728
66.78936649102192
105.38585267881288
68.9866229585682
74.78014286271562
63.61036398543255
77.00875417182712
138.90587976331682
131.73369056128922
123.54757614368381
146.66013064741895
108.45746079335129
93.55884702196447
71.98739683199729
68.52266843611815
68.48790805249806
85.19742540024598
105.09473712374312
130.2445596924194
110.30746538041603
86.39579663591577
65.06939959580093
39.6958500664785
26.397201588500362
33.67043315651805
49.09413606338953
77.1563698491455
63.16070986556746
28.54318480117284
26.751464038635078
14.25638088322476
17.571831731347046
36.387444182960834
59.50487769901399
72.76096648677036
62.78299434434417
24.37671380405728
16.657911996120223
7.077143822899146
5.492964900728399
-101.191018942954
-55.464006517225044
-11.630585586834751
4.156387670224422
-9.764355154279315
2.445798325126065
3.2171283902257315
5.060595831011114
3.349392648752339
-18.258648601085937
-77.34399246659605
4.6809311536378955
-42.285868158074365
3.4195996128314787
-10.711181656351052
9.432771375076959
-37.22266967318213
9.648676050593119
-79.36673358791086
7.7359311639223955
8.491311471949603
2.488949888723075
-16.173032757203675
2.980821818416559
16.380368532553657
2.8287329084289166
-19.673913847737644
1.6891551846082782
6.061937188452006
3.267164995969528
4.072894778289262
2.572961418351884
2.294302604467758
-11.151639535320383
2.4781056900370455
1.4086885393322817
-59.907794685901635
4.075869467947752
21.15899289225461
-14.23923623785931
3.8681590081549095
10.17839654955066
-17.71712416041002
3.605057190223144
3.6519985052499937
-16.40817609366689
3.0564987584778494
1.2085850691837297
2.9595246150004844
1.2575123517285511
7.74239202075312
-58.8626744682819
1.7461965501729686
-11.241949794417108
6.354920554792475
-18.04091443081009
2.767606021118996
2.6052160273085363
-15.698695382332458
-15.365510637451123
1.570560927385561
-30.460420015840572
-11.530678963761266
3.8100383682256824
21.516328257679145
-56.62728287723956
4.332399436383094
5.720835919948755
4.05307315570455
5.518311483649098
-28.68630924512346
9.743576230275153
4.835308840656966
1.2502800107198322
2.0261281055390916
1.7474324937728287
14.610248593912152
9.323359179155652
10.84847057787807
7.4057812196481265
8.178948275231699
-13.633460281525794
19.454643112992134
3.232894045886507
12.795283619938262
-30.915848359379556
15.217946171724474
4.010956828347671
21.25555802061386
15.93725016210294
128.2672757476671
-6.556595363728139
21.965012831770853
30.353724223438537
20.558743865225
24.531708202209977
10.528387781376576
4.400158454015544
19.93626956554748
6.094684062157039
12.86092704700843
6.955889063334886
34.544681469235044
-13.9611182892585
2.7786535448625953
-73.03452753998377
-86.51744047257984
-14.397388580008666
5.994190892124887
3.0197300700205667
2.771428458381845
4.961246619410767
-9.200557785800632
-16.187445155261017
-6.1249080211703
-27.71579653315282
-61.914725866233766
-15.428703463763588
5.6838043594721555
-1.7129454965866495
-86.5352224352187
-38.78450528190899
-27.682017571677882
8.458636250828363
-17.258058892943676
1.186245286771584
-36.28708121066819
1.5516099293350543
15.805773596614532
6.350847583301294
4.18174524406869
3.2973799343103356
17.173900526923518
-11.420872156581627
-14.29637913570086
6.816028944415551
4.927881661085946
-27.888638215334772
3.9263110252538675
1.8819541575889216
15.453224223124739
6.432141992335934
41.53607173212132
-23.078131977977563
6.199722490685073
9.014213026104393
7.4813139297514875
10.358742250019523
8.333207285423635
-6.026151127070702
6.1085632576360265
1.9028378179899965
5.168566939156373
5.983469196325081
13.849931803443162
3.214610305522957
2.54401212816199
2.5624435122820564
6.829595742009571
-10.837855752438648
5.336245280174439
-17.971102355628453
-13.179196332829445
-19.170450112122708
2.7880472128589013
1.3318712182065462
-12.953548678971897
3.075517304865151
29.303760793714165
-16.71644774324184
2.3367284874761265
7.5614723151885075
-13.161801437482634
6.630666479571706
3.3833482694810697
9.070565974103644
2.6463484029078836
2.592162631474176
3.7895408524609184
2.5076177037209
11.94433704843913
-17.04821658137992
2.7211717639744486
1.9923518419101585
8.041514365350844
-10.78208956886245
4.594888571096679
2.04492142227089
1.6908197877007045
-15.974151224887999
2.9862084770739865
0.8486004498406693
12.486532112255183
5.393422758367156
18.45986491070428
-15.85324841869689
3.9802340612190843
4.279195264580879
5.920258375974889
4.029874444530869
-10.134570104962465
4.827996079643043
4.4128262207433036
2.326247716637982
1.8400019812589832
-14.776329314452022
10.580565435424575
-40.35769249790501
2.0264630564036015
-59.69257680074554
2.1214495821368016
-14.984109324077657
-27.745177308131147
-9.970922231843765
2.600775420730533
-13.864668091398453
4.904752015052024
1.9345170117041492
-19.017522741886214
7.192459970344778
-228.20959309313972
-43.93053767625285
4.1330293089434536
13.011985469242735
7.449927254322347
-28.245383674609585
-19.290341795937582
10.313263394873015
-7.039685635205513
3.741934094654456
3.8210038031417004
2.4196026894595355
-55.54122915172418
3.1653447151084677
2.2847213237516524
4.621707065519172
12.42703225811018
-13.800071320400187
2.950746382604395
3.115173379015267
2.657076695104593
2.582412344298251
1.9867892453740739
1.4878137425461997
6.235189885379725
4.6006411077735985
13.912687224172391
3.291044428545568
5.503909626249263
6.481109860488878
4.179997408078182
4.666667462860349
6.016311538505046
-6.6706988729711245
2.7885243676580487
2.163730097233735
2.2495156413886908
2.4152592762757994
11.234233636559638
-19.53569436231517
0.9702270703852189
2.4706650507623245
6.09878484502639
-37.39937480647384
2.1832802419755213
1.2213804485128161
1.6179159931254758
-38.1378070449524
0.9772014274060328
1.1795521591972127
4.9641359970715975
1.7994198327266533
-0.38358186239229897
1.9691731965865062
2.6051094467654505
4.330301751908649
4.243093316038892
2.3352406001747945
1.9748499823967567
5.848044429574115
2.800406935424165
1.5572131270588208
1.524457260840478
1.7816273487950274
8.590350388792183
3.602378811306036
8.63748556383018
-4.736731490715171
38.22105048508417
-93.63485847659183
21.84217888360126
9.043770803090673
8.170090905246518
-71.83321787795083
6.989704199435313
6.608732503142708
-4.0702462438031795
14.497042153268975
40.82693279229178
-30.965410595658344
16.25140415582957
20.660884028670484
31.84528670346322
19.396607577464163
12.756837666474464
27.638077052524306
23.872221605573703
4.311974034282718
6.726703050994791
-102.0722170130542
34.635250357210836
-25.74192474633252
-15.164259526353156
4.963306594710585
14.210299152661335
-25.67658039469726
-4.081332990397993
4.995098970161834
3.404642974383587
-0.7753466942523867
3.0793127821275887
3.2612543410080406
23.155406904372917
-8.096455565333398
33.09575745033958
7.100733440372429
-85.17210569829496
8.598742098247028
7.956122848516211
15.103539061506902
3.9723193354366786
8.280462746830883
6.328098067286296
2.2594373091590363
4.151547849894531
4.0585223419293035
14.08300849365103
15.763876924504629
14.357498010698444
-25.76640478167424
49.90297202984036
-28.130481657649607
22.591475727397288
-230.22799151397675
29.717254282994624
-20.73038609894881
11.880537190475016
14.450443718424818
72.85883713570352
40.80754232537317
156.82112859568278
-6.660352546708612
35.270945314493616
52.463526936373455
48.56697789880638
-27.962647449420714
-23.891855640270553
41.27208899036904
23.52030643011378
-9.277451661298027
20.552247072661533
13.472560309077702
92.56504951449521
-16.14226816640414
-20.28606744003081
1.5811691343060104
9.437302221752876
1.712791144343619
3.722570019159013
-13.72338672697262
1.511711573869292
-17.561039960905493
-14.22630405886
-15.697621238898593
-7.252661276345626
-81.06499314165823
-70.5617776565496
-13.996232139189228
-15.979611577535374
5.893996858302864
-59.924319553485866
6.835362110817682
2.9147231375302614
-72.36335515706395
-14.168738125424968
-33.644362897763116
2.9984525276978795
2.3527909464840153
12.112297123972798
-15.748902677789903
4.112542033329763
6.7744282287498505
13.516648599929075
-14.691433160502086
3.616295424871245
3.032676299354142
-32.5557098297748
7.390209705407862
4.409444068329708
1.6175011112952533
-9.349899769869854
3.8109694588959564
31.418907148769176
-18.261917617114378
-9.811995362516367
13.643231723666736
-29.148658393699307
9.177201942407494
5.928689043459193
9.954966540734727
7.206177590774612
2.2994158187943294
2.649516402826796
3.044764840124615
13.593373265509996
12.400399686420158
7.160924765695881
8.116262281241344
27.575827842485015
5.473355818564511
12.804059177669531
6.232600437284852
6.640490817969301
8.008795815411215
4.408611614056
3.371448040001472
17.191588329563174
10.227640233149202
77.36248109714046
4.372512232496237
9.079075912906847
22.42804304758383
10.813514354471971
17.18532898424856
5.860013824259261
-32.38203022810366
13.107074956394369
6.793065643218682
8.98751533339873
4.420438557779473
20.627483621377653
-71.47637775023509
-9.069175854774203
7.076606424575875
16.14503006118452
-17.56746958616873
11.836393618701718
5.3141206624241635
4.056235540371137
-60.05855339138569
3.7521281857605224
-19.33242438373094
28.58349084832911
-20.518247504925032
10.743529864472508
-73.31131094618071
5.826626378610498
9.063167435530731
-12.130608942195343
15.178574102851034
-5.148106391027588
15.826756032537995
9.2467207250247
3.144798371230937
4.722955565701682
6.1241587088728755
23.722599703502357
12.419645099838716
4.537124259481375
5.644256153763501
18.885978336601212
-4.868925544678855
-8.861619965281069
3.738098055493049
-15.121385354368565
8.857018699875665
6.130781875116357
3.724799972858283
2.2246530543550747
11.141639606123022
50.69800499092237
4.415387416354551
7.782374119325344
-6.389490211409495
8.537245987318185
-6.52669613465369
-23.824389006983314
23.823199599381876
10.330861770364615
4.6686906639486
6.011798809311326
3.6845465368484605
29.069584654229963
-21.63944140935011
2.680250791234037
1.9333158711705374
16.038074279763126
-60.72203304575667
-7.5616783388925874
3.0677522945992957
-8.224973855933444
-105.93412349985927
2.9372415929189564
2.258036291501812
10.73375437786621
6.21865138829339
25.9198602822091
2.2234178011860126
4.230804073390749
5.262986856844161
-10.724534715743442
5.899860225499568
-3.123221908195924
12.13887667535299
7.304313818945994
2.7447800321602633
3.464776284555728
-12.934596751115903
16.034048344985166
-10.467479609014228
10.657268774688506
7.783374155678987
22.8716116018256
-3.160772428655171
-8.16365761696827
-14.46020402109525
6.0963664858063105
-31.617322716864702
11.368672986913785
7.564413334938585
-19.75993747710585
-8.034329399187044
5.325815654713338
6.8529512049957155
13.313443583391448
17.748547317918447
-6.525035277541257
-36.84123240545082
7.48143875170519
20.478487580076187
3.4137493155761467
7.251872412261604
10.413334366873624
4.476118720515291
-15.908585558394906
8.483937592805432
4.743495694134449
4.017142523684199
21.597657198661466
-40.70314795888539
5.29147205999099
4.871024729646842
3.346169340205983
-17.562941649499336
6.427342288048771
3.7513316051442884
16.22088941228724
10.45893677894256
52.18537597948141
2.66703774632892
6.97813017100518
7.50119506100222
5.8627695983766905
10.112313006025113
4.077584378909189
-4.530546963101465
-14.703552803424238
4.2139845636229225
3.053998161801434
5.208393225802903
17.03221704727338
-17.90912403699967
2.4717085341707516
1.5537084238148164
10.440011133915354
2.480748642460382
3.7300309457544425
2.549526981778837
1.8402185748353186
2.96235692404577
1.3083646900631267
1.138511354943796
-7.947240987199584
4.471123832021592
9.142180684985563
-18.786015790147808
4.2988049923975336
3.013596273933232
5.963907815814181
3.7545883375483027
1.6622948371374553
3.879911262664139
2.0831626707480173
1.518100511962849
1.1856059171411573
2.0376792755080753
6.670014858631879
4.559641604206522
3.0242794462602434
1.8793552674499392
7.9434086158663755
3.0014350893776323
3.2685585442358276
2.034966757663863
3.316038776225149
-14.75839827413651
3.110657150793134
1.6015767009829036
7.983870806855019
5.396544036342164
25.16438487821264
1.6312126428565314
-13.282083870823584
4.323506641764013
4.96570429014211
5.992535186401534
2.4102415452528088
9.128605901026715
2.742328059873087
1.408693394497548
2.8136173907209883
3.3985744471893167
5.921054514619588
4.5603201146666645
2.413016461752514
1.735330834083711
6.299239035529892
1.610790248961427
2.6666028883715964
2.003820273825364
2.315161569786932
2.658991544974661
2.641030363085576
1.6725726737923323
-9.07362364672115
-9.35429925075365
12.242568734898638
1.8140255543246677
2.377883653502718
4.422459196109575
3.2302132124507135
5.909207727559943
1.7789148166903743
4.929875029467623
1.9616939528451027
1.6556294961197675
1.8770099810616794
1.8789725140763496
8.397004568362371
-7.061935299392688
7.130025715088116
12.656412219490282
45.21982466641429
-7.067535962606688
20.328753383854885
5.6878990983258895
10.329139279193784
-19.07158442806724
8.793431954382486
7.58762219478802
27.32372110038232
16.904692515144596
68.05514390363173
7.6509005833115244
12.029419956287517
32.66856777340008
18.608289233857406
27.89494917698715
19.378885774592288
34.33098014538062
11.75996333305859
8.768430201214043
5.9943458911482175
5.268276840031833
-33.447821195010576
