-0.004665162216247733
-0.01486144197143365
-0.021704504657987383
-0.014047039249899234
-0.016605957504355718
-0.012882319919990965
-0.00915599418254912
-0.003635432820711687
-0.0033170843355254352
-0.00308084535491524
-0.009902953310141223
0.005484540173483688
0.0054075163103216636
0.012884819351988215
0.0009940999739018975
0.0020564861005935554
-0.006381499276416905
-0.003639714641989216
0.009382052040533082
0.05006869318423436
0.05705003404223996
0.046372885521137205
0.020121090459627598
0.023511810630457337
-0.0027624454538804355
0.024767746646714498
0.08240835195133454
0.1250278883472594
0.11319497255358929
0.08419683133636989
0.05642985243367892
0.04362559497734824
0.005772790760299411
0.10711171031756415
0.18251435091653845
0.21179585163764925
0.16607744116696346
0.10894441952882945
0.07258595516737526
0.06772353357439868
0.07247436107645376
0.2133520068824013
0.24485279468390692
0.19709722216849668
0.1628140440320153
0.13300949023317932
0.091311200886025
0.06491839915733921
0.2317097532449701
0.23673843525657565
0.14361212411706062
0.09641457079309966
0.14509959105834572
0.17580873217652931
0.12493845638462579
0.06133570793949136
0.3603691311310909
0.12340231492928572
0.038144685800802124
0.07362834192135022
0.20493712697584168
0.243489924098165
0.1627952797502323
0.05810773518094345
0.41843353564268165
0.06253809760524737
0.04575246620081885
0.13601196998015266
0.2635298288446969
0.29666537357023853
0.20546646749990566
0.07101942802705873
0.43285815742573797
0.10204207231507818
0.10211913567590801
0.19266440191773015
0.253308694717066
0.2819224077790592
0.24163902543887147
0.11680005060808721
0.34962292824758595
0.13697480952345223
0.11694242052841415
0.17298857791490946
0.15439100924364185
0.158760922753041
0.22170700999492723
0.19948725944023776
0.23711839595220396
0.12528735607354735
0.09204356178235443
0.10405072387232278
0.05935276049930815
0.043314766731350714
0.12195827292628496
0.1781075364350522
0.11331566512650343
0.05869367537944405
0.05824696694541914
0.04721543128186374
0.02372887840223564
0.002799063736890132
0.061997761007896626
0.12132708702741182
0.059292888446706965
0.032521555644562335
0.02034783300111349
0.005081733050225786
-0.005787990993642825
-0.023485968315888197
0.011045018649721386
0.0599635619458001
0.018885909140480727
0.0020696337666363117
-0.005121039715759342
-0.011772314173564124
-0.02624582482592327
-0.031211316997767538
-0.018352585586883022
0.017479253609779827
0.00025829418958202256
-0.011178001890153009
-0.01844829328573766
-0.01757703814348978
-0.018688752063996433
-0.01990003217022576
-0.017008083766568437
0.0036066518332218945
0.04547920038773514
0.03496566792292578
0.021915900418840416
0.004914649541843951
-0.0020456578793077726
-0.011469264460835307
-0.00469772279289316
-0.002357390206456916
0.05215182427121789
0.033371764755992815
0.015566285351461736
0.006934088105399625
-0.0026010823158884797
-0.011971369321226777
-0.007188060128145599
-0.006298179028854553
0.05697769060088892
0.03129187132178026
0.015545703781478465
0.0030993551520178035
-0.011739830966580682
-0.020500350990765873
-0.01355964986485578
-0.013833466568302831
0.05286202765663705
0.028971966126794067
0.014320504023197884
-0.009844167726103966
-0.02775522748346643
-0.032640156169443164
-0.02738382828293096
-0.03917644312556625
0.030170300348987482
0.024906795966345294
0.0026822555850541147
-0.028295208326996907
-0.03726093027372968
-0.04362488959588977
-0.0361595015923125
-0.06054508764324653
0.011657907472414554
0.012855381482635564
-0.02724534427371071
-0.04067653206855906
-0.03882819469020283
-0.035884600339165726
-0.03680718389943116
-0.0730130049552527
-0.023206117888991427
0.010087175927510366
-0.004009062532004011
-0.01076113959310793
-0.024179119893067615
-0.011644736687975887
-0.03126586608990072
-0.07008247948431465
-0.03572701875703762
0.021320980738671627
-0.0027189957989487406
-0.020372288353916156
-0.018280726538632563
0.0026872337663061104
-0.003075747057726487
-0.04463901304023243
-0.04106214456104185
0.021583997567888837
0.023362584392271978
0.022781387057762732
0.028831706699772506
0.022007692907457185
0.019003434640673833
-0.010936603263424013
-0.0427907539455685
0.017539702071262448
0.045236874612219806
0.05432583533114216
0.03854415269587208
0.024936970743888065
0.006803600252325219
0.0133144637776868
-0.034507347854745705
0.032619314698895285
0.060111695849881276
0.021686175353635637
-0.004310863255390679
0.002237124794429273
-0.0018432799941174376
0.04164249879792952
-0.026480484100872323
0.03386420402346247
0.06606067223244676
0.01768646528481004
0.004785472504316263
0.005399714237774009
0.02395041073925814
0.07480455855979784
-0.00781612119403603
0.046324957546448664
0.06184044934154537
0.02027064299364437
0.005960906656893044
0.015503697395793242
0.04647227986530565
0.0682447214538607
0.011380519090542426
0.05549518140298734
0.07053282338528655
0.026626938483904416
0.022084728228241212
0.04600789787333833
0.078636760822812
0.05615980392409816
0.027841604967589417
0.052577926836453626
0.06357337377355343
0.03830950687588638
0.048763804625235045
0.07275217614877817
0.07327793754758453
0.0250360042170237
0.03387847063495719
0.06842037996242062
0.08030536848605356
0.08389737502137333
0.07877157511020433
0.06118759960535583
0.032620324215608384
0.0017946649178378668
-0.010234689455440602
-0.003508594819089693
-0.005835575697506573
0.0032745160683554306
0.010833061048824685
0.01324173151575178
0.018939413536358224
0.01017108407066523
-0.013210955592393303
0.0035373103858385912
0.004227831218889518
0.019813340230576248
0.025887258627042366
0.025602666433053166
0.028361529264911395
0.01670144691320989
-0.014692931300702488
0.006891637698700479
0.012840832488930653
0.03743124025711492
0.05002061367119252
0.04384373071233492
0.03777676567889366
0.028678357749214504
-0.007018934336611858
0.030826162009852297
0.03449150556601533
0.0560121964256302
0.049947358619734004
0.02862493253899346
0.024699468633992375
0.02875356319267454
-0.0032841225501247682
0.05315638579863299
0.07439293515319935
0.0948358488900034
0.060373782201348376
0.026997062352612487
0.006157883570126165
0.01057744120667155
0.045040221725413505
0.10757275144094987
0.08339786147717637
0.045616803939689095
0.018045464069673677
0.008328479697420009
-0.0023185733487357273
-0.008988514467984363
0.11128375556320343
0.08508583192419532
0.009710459321843284
-0.020951427945349505
-0.027664861642764833
-0.016254723007017215
-0.013401057337407936
-0.027160875794696435
0.16167071269804767
0.020092401594176437
-0.0377251656787271
-0.04027615488924418
-0.03684759934956311
-0.02317203570845394
-0.018792063406261456
-0.03216899787122269
0.1846574647354226
-0.006406729451051152
-0.03536067375933162
-0.0393268018433337
-0.038320387754871274
-0.020452402313309248
-0.017920075789408033
-0.022505130353858368
0.18841650376671343
0.0042397158160023245
-0.02851680611902678
-0.042645415341837405
-0.028893952676004402
-0.01707385254669887
-0.007284777088710011
0.0011208149829733415
0.1615735427666287
0.0505161530102385
-0.0031501041176250017
-0.017490284653621874
-0.00263927496695493
0.023362433938797115
0.03572740262637323
0.024856265807378354
0.11067559952614338
0.07300650903919821
0.03109904658150298
0.03561643996694473
0.035850686668729016
0.05638293779700748
0.04833840271084606
0.019560850509722727
0.05882845322333424
0.05625250177599792
0.0378720055853794
0.030909821258781316
0.024668261907435877
0.040354708743030585
0.03107470174110454
0.015395382261122217
0.025087408890155174
0.04185678399900315
0.05103589904603119
0.045021147086022534
0.021869546400691726
0.020899584109654017
0.01827054695226938
0.01345288110660992
0.0010888610289684312
0.020764165395461807
0.026800587868873217
0.032515651308846816
0.01950005004343774
0.018125425056775935
0.014715631071059138
0.00533464166119148
-0.003865248806662294
0.008431913165037577
0.012150516854444713
0.022022302361682573
0.018488922337601063
0.014979941467298374
0.01298230121322261
0.0037076629402352664
-0.012213657854679406
-0.01730967472085268
-0.02010921062790715
-0.01720636718974728
-0.007051003931381555
0.024315217671920887
0.01672547203414758
0.016791962143279337
-0.023881625704893904
-0.028584396369380576
-0.02156560242442744
-0.018683141925474236
-0.0018534953529757998
0.03500219438824326
0.017080702746812823
0.011751839540586022
-0.048553479823472516
-0.05935236418742107
-0.059293402022121994
-0.049403364355903305
-0.022217187842330326
0.012733685964485974
0.0023690461360002624
-0.01654071318467903
-0.07339683493027194
-0.10007626475656688
-0.12541505878572606
-0.1114319477051006
-0.11070014551126683
-0.06460149475123045
-0.03417252376902872
-0.06089862633977752
-0.14012937578568183
-0.16832882489012985
-0.2112269203336205
-0.175979025424985
-0.1639299801851629
-0.09501868490293623
-0.0474474686410657
-0.10285149065209587
-0.19311421801613524
-0.2103967481740081
-0.1635411169406081
-0.08476507714997863
-0.09667870823145892
-0.05568991071415634
-0.04068982104313271
-0.15330270723321154
-0.2824648493947277
-0.19819942107568975
-0.09893183225389814
-0.11955713207628058
-0.0972597712754982
-0.029092977343704408
-0.01997936632586985
-0.18866269981511227
-0.3389031609465218
-0.12993148291223366
-0.11225277753244312
-0.13179433164954704
-0.06551473989807757
0.01130505279479662
0.011783924310934786
-0.20187519978923785
-0.33464369454048354
-0.06788465958269839
-0.0651637750384704
-0.046015463425460076
0.012685950550518408
0.06182966696608684
0.032926082227002454
-0.20813704419193543
-0.2837949318628648
-0.02265721011645323
-0.0132818799752283
-0.001286314361730476
0.03475764087421737
0.06529778677919769
0.008147891763975014
-0.20759877160466672
-0.202709812118129
-0.03426185506668564
-0.00967698210586123
0.0005300825691200302
0.031402070154863945
0.0320663784455391
-0.05471887774457035
-0.1875578662485245
-0.11447082247608234
-0.06629138835308347
-0.04710440633152574
-0.0618337705186227
-0.036956464371134784
-0.03861281116742434
-0.09129080373649402
-0.15004922150515856
-0.0189279927431885
-0.07636321092298
-0.09610444080713934
-0.11878480032945676
-0.08608428302696601
-0.04470159168290271
-0.02125807810688975
-0.0489375493097453
0.07161142545049369
0.01659408543858873
-0.0179858121995715
-0.04678468198005306
-0.022762203836586774
0.005263133629418074
0.015828577057740066
-0.005196469701953301
0.06866651822672094
0.06661617937168499
0.02963265763960979
0.014633337282730557
0.01762394716023977
0.028267224371350635
0.03976457530819233
0.025553789285557495
0.034397853884924834
0.07385085694388722
0.07502338142891173
0.05680980189016497
0.02817705897800361
0.017234542114628628
0.02083715365041462
0.019791759450262673
-0.01396210065151752
-0.007080033082687592
-0.006722318119458365
-0.009516566643819068
-0.020584878388872362
-0.01830461497163092
0.0074094917209168755
0.009004912292266494
-0.031622406569645135
-0.005948553739375349
0.0014367425259792896
0.022246995621382028
0.0077506555602701276
-0.006966114488338826
0.014404264550772141
0.026942868428381082
-0.04134491977577156
0.0217127935112709
0.05700830235642507
0.09002362152880744
0.07664995057255576
0.06356013736693747
0.0636463096995545
0.06461855732671434
-0.050856920103687135
0.054523644673845344
0.10164969532941305
0.11735483064893841
0.10007379488792474
0.07634523774804039
0.07550294536123361
0.11182787967122693
-0.021816267347320235
0.16005928645928716
0.20761918820141054
0.2037566887265097
0.1303652892050672
0.08429927029043537
0.08086315034428791
0.14422857581014026
0.09865744786351958
0.253526689158748
0.23491558791277248
0.17820882236210087
0.10960634983081614
0.08481420371136711
0.09245252280183501
0.13026051523881044
0.2264738470424764
0.28819935603518104
0.20920345617104782
0.18822249068934843
0.18563339320705383
0.1687055203815896
0.12257551042153815
0.057315409170221834
0.3395018949362025
0.30611841276927354
0.2416459460874618
0.2089608026193596
0.18972603828709028
0.1282958589640748
0.031250857838377055
-0.0570821596494252
0.38068922872172
0.25339013145382155
0.1887493138893272
0.1384514724311297
0.06981607461752815
-0.013054282185676282
-0.059827151736617235
-0.09988336862507766
0.3457432462952986
0.16569184443331242
0.1094539817923303
0.015514801623113063
-0.04668350680463864
-0.05565076118398748
-0.048151572596726616
-0.08455161460528622
0.2840949409062576
0.20414492615065916
0.16263069017390594
0.035054943747654686
0.00606004377865346
0.047699816120970046
0.05559437037077667
-0.021357154673469218
0.14768693219364326
0.16056028361294677
0.17190653010026688
0.10346959818134781
0.1156481566031744
0.1438543231655826
0.10840658091473858
-0.006090796530213193
0.06254275010351301
0.12386247522386921
0.11972529306898844
0.09765995637408943
0.09160635753531783
0.0894269926058345
0.050707141269909016
-0.02359624626257434
0.007978384224171029
0.06477364185414097
0.07045268770023279
0.08532271931934703
0.09140967611057897
0.0726116949772661
0.047526977542197625
-0.003311586563954092
-0.010418545112386265
0.0019005071192282831
0.004594803979717349
0.01973805132126269
0.02340237213448057
0.02121705494658667
0.012400057370556031
-0.005498121800047205
-0.004800163141068612
-0.006836079329690131
-0.024413658525282735
-0.012780079019498835
-0.0008119215995980258
0.0056554794917878124
0.0029792016654512947
-0.0024516310529854018
-0.0213713951055758
-0.01153083674762235
-0.011422327395897127
-0.01323138077790329
0.01987534368393492
0.03933975659457618
0.04051690498403489
0.019918296005093896
-0.02388733646122055
-0.0008009980361579003
0.007244920461538241
-0.0027935966344975176
-0.0006406456765897075
0.017781306609899784
0.03197324896364674
0.0353417518159516
-0.032691659440176636
-0.003851058627747402
0.001473391110478174
-0.010241030003267476
-0.00733388280155453
0.009580056225387924
0.013095938891950171
0.026364336254185255
-0.039018934586416525
-0.0060882756935727676
0.006544226151155248
-0.0024995551008793644
-0.001273602843743498
-0.006007096253184097
-0.0033716089843507406
0.014871416707911804
-0.056663883973580666
-0.009046377147036492
0.011595043040451638
-0.000643127033835427
-0.008517693670226712
-0.01752262711846405
-0.01588891784909505
-0.00445685454053742
-0.0671283880830946
-0.01877615214019883
0.00866455822553495
-0.004996328924843009
-0.026877517482098462
-0.02762817554398464
-0.027363037307129696
-0.021440585493529434
-0.06751242085390209
-0.022534481411727314
-0.0063927332270810894
-0.020832251759345995
-0.038630504185892346
-0.04553329993933794
-0.043108507152567706
-0.03796216689217094
-0.06599052285439391
-0.03235095718694869
-0.0018803783806042701
0.0017589709147302595
-0.01832758345133316
-0.031044650831058795
-0.03547356491905608
-0.04282856996447279
-0.043058464616322324
-0.014304524039891004
0.014310224062830322
0.017728326137557034
-0.013063897768877609
-0.012543282725621137
-0.02130340200389882
-0.057795468441107375
-0.03569367666321668
-0.02575419311503886
0.004716522797898015
-0.0006541149188773867
-0.02081407020277704
-0.01647610472640717
-0.034061271920573226
-0.07671099315504984
-0.028459558709147972
-0.039036687109879606
-0.0028364424836500144
-0.009400395580545493
-0.003483745461222499
-0.004348713991781416
-0.03164689247646699
-0.07582671555287229
-0.02869032286287462
-0.0331310007245946
0.006026549971969055
0.0007066378048066452
-0.011777822789511885
-0.007960756832878625
-0.026560509756433412
-0.06563555128263145
-0.03188859434519226
-0.02079881958768071
0.0009015224989938042
0.007984108500690531
-0.015317265420457086
-0.010490366027292718
-0.026529511718781637
-0.05022236459275373
-0.026860887709477234
-0.016509482620231976
-0.0006105760929882475
0.0028033892679211973
-0.029930428669942246
-0.027065033183649737
-0.03098044191113214
-0.036208293329801765
-0.01874061279322833
-0.01575779547258493
-0.004079868352593758
0.0016725809022642478
-0.03356041542501069
-0.032965618580657
-0.026606571924496964
-0.02021349374233583
-0.014264359791074911
-0.017429799660791508
-0.0191506472634415
-0.021901093005967345
-0.04368646446237398
-0.03587101626454889
-0.019694921628040134
-0.0166778059625503
-0.022066387827442406
0.0053881643537367786
0.04266896810870488
0.03872543559588128
0.055555391529445705
0.07417036527043662
0.03797216378270522
-0.014867929715009897
-0.009301873787049173
0.02188012546658336
0.04492457966876233
-0.005128649989291357
0.015328878243129495
0.05515087586372438
0.04283056286897028
-0.028441278414316606
-0.013970574479067048
0.02186636399445117
0.015804722807362816
-0.08066243165207734
-0.01925190298085491
0.04098551795980989
0.022329497916793166
-0.05708760936505647
-0.038241303257498645
-0.03999503014450959
-0.06924473463680056
-0.1319679237740069
-0.0807916024913483
-0.029812979390165136
-0.048743827480227854
-0.0836432095808136
-0.10891819569806017
-0.13752526336956053
-0.13493342249344886
-0.1640651496114024
-0.13337727872886454
-0.04867380745945274
-0.04025938848511545
-0.07409424833425347
-0.2694164474556221
-0.2148610149653061
-0.14788617735106993
-0.12810296598288817
-0.141935109020203
-0.036205851366556144
0.035844629425838194
-0.0447778328947032
-0.3757979940804522
-0.21219313487751323
-0.13496668383656857
-0.10753314858657337
-0.15333973339558027
-0.05916232589839386
0.055449655354871154
-0.018228994027806915
-0.43445675149458823
-0.19743303694769446
-0.09940589221597394
-0.16074791359653648
-0.19726326723458892
-0.06623085031488159
0.04467866498815472
-0.0022585159336256234
-0.4581820836854987
-0.21598917187541755
-0.12294801962808392
-0.223106459246081
-0.18481977639189823
-0.07163368675355052
-0.017869608133306677
-0.01993591004286523
-0.4392417953899444
-0.23248520933181752
-0.1588156409934693
-0.22499406604134586
-0.21103050733788967
-0.07385817405002157
-0.043509812532743386
-0.04422565599226041
-0.4120652150099353
-0.2639962054231134
-0.19434555406740558
-0.21628468861439606
-0.21891565306325703
-0.07644392790300081
-0.05886735731713497
-0.07491562330409851
-0.3309054409649341
-0.21732437429049667
-0.16522731872559168
-0.17372504867401195
-0.21245574586904528
-0.10064825319005861
-0.05579925959498204
-0.03528288084094593
-0.2316410653699574
-0.145651438632256
-0.09289894497653474
-0.09978305082650353
-0.13508467071981933
-0.01784166660493153
0.02046472431507246
0.0031074315093487324
-0.12776741447126408
-0.09138629306645621
-0.0793852244044273
-0.07172937361732
-0.07479952988569373
0.012097376821890627
0.04554304301284584
0.014430465269779761
-0.06289723051142788
-0.02624812865714134
-0.002606865909610666
-0.007406321444588577
-0.01779431429336869
0.03654438975074771
0.04970957548473251
0.00833003212183858
-0.01106377991686127
0.030817760935346935
0.08214837208436147
0.07106252385046821
0.01915714885411052
0.03153979933420371
0.025642500230721562
-0.006799255952168192
0.017701503844735688
-0.017536938876000958
-0.05866074253758991
-0.08228265931158915
-0.0865954888262194
-0.07093176497219783
-0.04232214947118763
-0.009899258196395392
0.014097187748819538
-0.024914776353268397
-0.03443084082267187
-0.04479013666756618
-0.04286600742426797
-0.04844036116459317
-0.04920892781590516
-0.013285027931591966
0.0004801533618215187
-0.020504111743601835
-0.03410982124028382
-0.04400874438482707
-0.05577280719616728
-0.07433096558135871
-0.07811148058500943
-0.02619916793081584
-0.029799130904050137
-0.03081454210206399
-0.07323398702816651
-0.11157322616166515
-0.11146004899187605
-0.10755365823604406
-0.12933786559776914
-0.05055613383981216
-0.066100225006455
-0.07637751580614054
-0.16033578502845794
-0.16575972289669785
-0.11486946537869278
-0.12041322033094072
-0.17128059655817404
-0.07433415339906181
-0.0948353101449006
-0.12033322009586725
-0.17171945301061062
-0.14455796619295003
-0.10712020544015885
-0.14000687277205826
-0.18860292816821092
-0.08680566478863959
-0.171838980003698
-0.1702543339447124
-0.14726275876131073
-0.1031460329276817
-0.09359864552720569
-0.14288322619497115
-0.1762436476737348
-0.10090888153468802
-0.20192232117414813
-0.12304251736507008
-0.10554907135301031
-0.06688849641208106
-0.07853292985052608
-0.09147296564955726
-0.11062425199394325
-0.11179575445461733
-0.22654873637768255
-0.10149374291954695
-0.0805131898682688
-0.03575994626645254
-0.05957208249271376
-0.07512422294126556
-0.06811346455380297
-0.11095471637346009
-0.2188030050702396
-0.07082568227585077
-0.052078041382075314
-0.010171493853591085
-0.04857666471508632
-0.07557122324429137
-0.0599352281026123
-0.11318002132322502
-0.19064405178059288
-0.1049592851420736
-0.0758260271225466
-0.03756532125027097
-0.07515036141913382
-0.08255655302760787
-0.07459760386438526
-0.11622893462258967
-0.12447671390681905
-0.07502671252915673
-0.06367154804361337
-0.06330254330711134
-0.1134701453881381
-0.09391536078298651
-0.09115616334460978
-0.1288475277710714
-0.046840423314387036
-0.0344436741460448
-0.05924925081052068
-0.08694883942805678
-0.10459817794959074
-0.05850045615633178
-0.02751777320230373
-0.061369918516832794
-0.003558801587151205
0.0157150686213323
-0.010997096291692866
-0.05374058813714822
-0.06563723768649156
-0.04098956014963595
3.6333912901526304e-05
-0.010851534402710958
0.0033636613378595207
0.00977813378356025
-0.009449530525887224
-0.04854269927502657
-0.050418891314887
-0.026038066336907032
0.010370095326731908
0.011812394934973672
0.0018006909533413876
-0.008640589894416751
-0.03309871874370058
-0.06998376818327297
-0.07265697786493502
-0.042219838334961124
0.006684128132046578
0.019160733964761638
0.020859547409571157
0.07601452958399309
0.19789076668343472
0.26211551725472915
0.25634151700706037
0.14306803185966863
0.05149042856649611
0.017569876410819026
0.0140929005704559
0.029102465261501956
0.08315308691296047
0.10698978991802888
0.12948271210089257
0.06282048302946493
0.01820142626964804
0.005561993999608471
0.004505200456380887
0.006410698654786467
0.026731881187099047
0.04434679209062794
0.0789940962868382
0.03400351345219061
0.005387332287699421
-0.0009607342752010755
-0.001382245660441213
-0.002097871557211585
0.00949866882840105
0.018982497925029904
0.04700703773706445
0.009297999453355734
-0.009077704014896505
-0.01100644708175239
-0.010047923253103188
-0.009279349245025043
0.006980398225444734
0.029051993984414676
0.051222013289967824
0.01522662258073768
-0.0042664753589637195
-0.018295212899547237
-0.021515465314276058
-0.014422375981731204
0.015453221530338098
0.05876916693556159
0.08394897410547378
0.02700057646649726
-0.009583992955030748
-0.025818205082328866
-0.031013680719232616
-0.012492833704810042
0.02323549337299336
0.09153289996351095
0.12057952104435656
0.030848912255520774
-0.020630468579248783
-0.02667192226704398
-0.036926540372156376
-0.01431012035153608
0.031047219276090665
0.12494415993480078
0.16132195479493733
0.03335035637612318
-0.0204522236968915
-0.02390744753952295
-0.03797578422115371
-0.010268468277177091
0.05391106225500617
0.17238979254995168
0.19393815104516135
0.04204513486578609
-0.011253127108802337
-0.020063420915616637
-0.03468132165458275
0.0019495514021267827
0.07951678531358689
0.2120886277543758
0.2302153137242776
0.06116463763408207
-0.005799388118796071
-0.023689379650249736
-0.02573581681327312
0.013283455176874645
0.09171592396015664
0.229078771106302
0.24470876675477868
0.06920625084338544
-0.00591380564760085
-0.024278736689808768
-0.01879685245643
0.013566846173701444
0.09099347555269366
0.21765055589601065
0.23408846018187227
0.08002093861662557
-0.001630380821024131
-0.016990337994261164
-0.008622472497796864
0.01725154109334957
0.09015373935518574
0.1912700238295441
0.22579189039151815
0.08493657305790916
0.010634916751147033
-0.01141341099322516
0.001783639168291603
0.031142011081977308
0.10646493416749617
0.179791585997789
0.230281244038946
0.10590797824010004
0.022186756976723333
6.39237475358325e-05
0.00836138459029077
0.03154759651919017
0.10073339896250867
0.16112204970698826
0.22424991441539538
0.12602163817847806
0.04630146883250027
0.009173962336212057
0.013223200088690918
0.03791234514793583
0.10436603532686416
0.15408824881295405
0.2378997503278847
0.17173144141020877
0.07108792474688225
0.021367304648065792
-0.011547798021860397
-0.033517197476296945
-0.032725437990534956
-0.032379365935991264
-0.0370271645544472
-0.02974132872553624
-0.02292987290374042
-0.01604162973191299
-0.023846768683879083
-0.05634976469575141
-0.0721882565272989
-0.07049608698436598
-0.08212664072444473
-0.07291447732979851
-0.048451122743966485
-0.04562514034977186
-0.04540999092399365
-0.06994117960346544
-0.0934470497178413
-0.09628520687693638
-0.11334747587471984
-0.11213895353362854
-0.08387589190524081
-0.08854504222226361
-0.07433941917523143
-0.09692214143334116
-0.14007364120080634
-0.11987655742442192
-0.08713035586338742
-0.07721839011769252
-0.08740514475835287
-0.11637574484821467
-0.11863344155953165
-0.1401184294149179
-0.16711745521657134
-0.12775489942499704
-0.10122661564287169
-0.08479119042040799
-0.10542774565617932
-0.17188512914038814
-0.14470141357568705
-0.17866724818644963
-0.14296028295057517
-0.11264163841721572
-0.10177849971675774
-0.08982514463807292
-0.09033649325660892
-0.17586384596626892
-0.19983821874360844
-0.18813403798432546
-0.11133038003625276
-0.12191742634161921
-0.09278248565835721
-0.09320688497572892
-0.11362512817780931
-0.16410303226995876
-0.23484530819474672
-0.15561599382074795
-0.12298537237488574
-0.16008063288296437
-0.13773686996785445
-0.10532308204158748
-0.08033158175140191
-0.1314597554269799
-0.24017136923913443
-0.138763755928483
-0.15121575694307057
-0.17235666097756708
-0.11822798289511306
-0.06883692967860443
-0.052590857221018306
-0.12472228095253328
-0.22914137548727323
-0.11733464818887936
-0.12021670531248235
-0.1323461923423759
-0.11778658796916622
-0.0682572745150834
-0.07411757503158875
-0.14324587179505333
-0.23115472169264478
-0.14528270179765834
-0.1020785928353436
-0.12065110436684261
-0.1277813312007782
-0.11091768442754932
-0.1300713026397388
-0.14563213748800347
-0.1850836108399146
-0.12612905283193598
-0.14507718363325023
-0.16348284067280808
-0.1583904208364454
-0.11660349021192494
-0.09571266155862797
-0.10467490998038856
-0.14892440168778343
-0.13890062283628327
-0.13970545007136606
-0.10849363216427524
-0.11485074556497175
-0.09058311046417124
-0.07846048010941817
-0.09419434007697608
-0.08887148795618295
-0.10837244955275618
-0.11715124425213012
-0.10699234561857737
-0.11111647139393796
-0.07890497546137282
-0.05944761899947977
-0.0636488403876082
-0.03840512752438951
-0.05850149359134739
-0.06146653734049258
-0.06608784470160736
-0.07585812887676106
-0.06421991896104533
-0.054188452444997884
-0.034739183185777206
-0.013513690859495607
-0.027711678626044487
-0.023191785967117108
-0.021868903728959898
-0.03415563673151293
-0.04166402827764217
-0.040292023792074236
-0.019613061151277318
0.02553953682948438
0.01685726795040859
0.004618118792306251
-0.01435531609028569
-0.023408761950968072
-0.009966675816806405
-0.003098359448204435
-0.0015542504502999905
0.03527655586932206
0.020237130379279752
0.006571006373499889
-0.005477956362440714
-0.015872007265755203
-0.0098356186407194
-0.004077640673578338
-0.0010320973896060437
0.047552784503609065
0.02552840184226322
0.008676830276825857
-0.0054362057653826925
-0.011874787888725606
-0.0023523431750047973
5.177578992793433e-05
-0.001474911565837677
0.050908571289400684
0.025647142527811993
0.004244814987459081
-0.013285503216587108
-0.011304943765155277
0.0036615039000413856
-0.0035761688009194777
-0.00997498414098744
0.043984714865936976
0.021426421052413044
-0.0008718972976410641
-0.012400606929281278
-0.0014549776271278996
0.006335458706279657
-0.005375626649792274
-0.013805187086638467
0.028164646843513642
0.019663697488109814
-0.0020286196581188955
-0.016215537049865503
0.0033276659633750096
0.009040701590721768
0.002178277546686754
-0.016197437226720856
0.01687720010433483
0.02577210499659816
0.009742546707145826
-0.009157273795879902
0.01479122163103214
0.013020694626312829
0.0018801336925021446
-0.023751335928879083
0.009012049566993797
0.03243184165300285
0.030947029497595875
-0.004769370360312178
0.01702779501872166
0.010630861588964114
0.004389592140486457
-0.02812065778373176
0.00728622036383852
0.04485317847371739
0.04768747973693879
0.00821403326177836
0.01566447858992496
0.006418799831255268
-0.002045149538784359
-0.03677938175982616
0.014976251343969753
0.04601648725675575
0.05440679508858544
0.008421457345465802
0.010483136120926993
0.0053956947231718205
-0.004313937077993745
-0.03703338367709326
0.034200962053155586
0.04573148702193593
0.047142678066177474
0.0070424233668548355
0.01877111447145843
0.009209762374279479
-0.004391163517850838
-0.03256887689438288
0.043666793482076784
0.058400944646647204
0.05262625051771872
0.012420697377976814
0.02574462662995993
0.022608448277210525
0.007933982368671889
-0.013881009155864515
0.046443385914841206
0.04786013294484284
0.032372408535991395
-0.005474082153700014
0.01916518491488473
0.02220804755668327
0.016909459562443996
0.011041969108384878
0.04270540260431061
0.044267877141103064
0.024693775933149528
-0.01274597682513612
0.01600539494900015
0.029211363610103243
0.031137154650803283
0.030796461814209017
0.033987482022507405
0.026889856456903508
0.008346650241507842
-0.021729177168748944
-0.003905890094016238
0.018249563054177145
0.028435512243660525
0.02896543441616129
0.021792672877625353
0.021459260359901203
0.0003560996708314386
-0.02011819436868355
-0.014941046641926704
0.002715728567288582
0.016705324468267294
0.023353805014661642
-0.003900879799782935
-0.020152310465682194
0.0033184730337502866
0.054322108593953713
0.04124112607710241
-0.025307987484621486
-0.045314721752489864
-0.02116745733691101
-0.016725174875042537
-0.0341467814876555
-0.011438893069749559
0.09358764114766639
0.0918633787198133
-0.008025337430944475
-0.06261471062049108
-0.03521895158415363
-0.04223155829496715
-0.07378891949338641
-0.03622054003779463
0.07553269696487482
0.0720955354658485
-0.031180926221292923
-0.07109933166325319
-0.045574533587863175
-0.07001097287538498
-0.09280723470547331
-0.030050233078824987
0.09335124248573179
0.08452994038150684
-0.05020100924666039
-0.06085408333732521
-0.050345082399047184
-0.09843019478478462
-0.10665655963680926
-0.03310996979712575
0.07685416635002013
0.06352899914811087
-0.09466640925384696
-0.07196112609564217
-0.072067258925971
-0.1174676323281301
-0.09667579991419313
-0.017310704772153664
0.11123867119154604
0.10271904895763323
-0.10304024377531062
-0.06758597888349983
-0.06096197629677919
-0.1325286673040747
-0.09280064314963787
-0.03427717898941944
0.11395383134922364
0.08393640822502753
-0.12766757493230135
-0.0692794200339102
-0.046981754959814076
-0.1277141428589427
-0.07009671970731407
-0.029859405535002045
0.12469005366707728
0.06263304589729202
-0.12450465827904113
-0.05554609131345309
-0.02858975984838748
-0.12049307743831507
-0.09549999482747387
-0.06541618456868649
0.09605691076743354
0.03325521387757482
-0.11058836203837004
-0.04773261454307626
-0.02437878759129197
-0.10730501196745433
-0.11391608824172728
-0.0542200286876087
0.13146132447954256
0.07151620508634314
-0.0925001124192551
-0.06398748943661155
-0.02773620293735762
-0.08069917940809301
-0.12823871585697444
-0.04763796235694393
0.1592567107805926
0.09408393334890026
-0.07824038433014618
-0.07585127232839348
-0.03835551969781113
-0.04970679235237045
-0.12213061836251413
-0.05841248037140782
0.1335800284087522
0.07385318184885793
-0.08044450282911873
-0.0977607964889495
-0.04506974374676338
-0.02862122764847514
-0.1038573234858033
-0.04101469606813443
0.1321207948901822
0.10263874000449176
-0.04189260773606557
-0.08494105760478701
-0.03621051276799429
-0.015866686398602406
-0.07248413657587884
-0.026003122022394735
0.10342242573352621
0.09418808289993585
-0.028763540183161487
-0.07384807308238264
-0.031113420667185473
-0.012498906662147938
-0.040828381759773165
0.010963462752878054
0.09572625999641401
0.11867076540719788
0.018960928812918793
-0.03205508960866803
-0.00994342249697346
-0.008227410649234075
-0.031618653396898184
0.000484649385244483
0.04554658995496319
0.11215727918394944
0.049787397422880526
-0.014953084822635238
-0.004686384100962168
-0.00365365056123076
-0.005356156691503969
-0.013708411553591293
-0.023152717333402243
-0.030110670423103236
-0.027372054400328454
-0.014337003254366836
-0.009051006834350001
-0.003582696085374942
-0.00575338822446043
-0.013457183592370615
-0.018946593372677366
-0.033818905977159835
-0.0253152278566185
-0.01634128183286051
-0.010277532746246718
-0.005149761181442018
-0.00513315151363809
-0.01922247886944556
-0.02602850374544552
-0.049532640428242174
-0.030495420678099124
-0.020243055242993094
-0.007985978283925934
-0.00255407873030891
-0.0074892343014228676
-0.02876654705664544
-0.04584720918952008
-0.07349658211301872
-0.04605043312361142
-0.03197540847972577
-0.01770718743239011
0.00961777700129849
-0.018083405300010125
-0.04941355249081739
-0.0781461738201034
-0.1042857563834207
-0.06031383282635633
-0.03349604144089025
-0.03143290347722598
0.03329421677816631
-0.0013361996991289851
0.007967247385146262
-0.005835875146927758
-0.02735655938383549
0.03005038167879642
0.046408268601700386
-0.006156758256726849
0.08396036561130593
0.05955050840442013
0.07742814287973596
0.06639665170948203
0.059853633039285925
0.10315036916353482
0.09200461502493815
0.04593842828885353
0.08682698552873554
0.07460191502283789
0.040649975577577616
0.08530733818808403
0.09426786065587894
0.05585811459755148
0.04488087647463583
0.0842998276753482
0.07993598430132888
0.07083552174812068
0.0072404927312954654
0.07683382547751917
0.08514431480576781
-0.0009833104585225709
0.011604614507092133
0.11205596436953724
0.06610651691401696
0.037297902482352284
-0.01630377968682416
0.0413928469325684
0.04251280030368088
-0.04557855486428886
-0.046690194103709844
0.10634782308553754
0.025601013191067598
-0.02467978393934077
-0.06538611382985489
-0.025371779531172173
-0.018857166489946665
-0.06485978778419037
-0.0826003085662096
0.03372904774852697
-0.01506480742680382
-0.08354223527799438
-0.09510535628844134
-0.06776540035340328
-0.07330090823362571
-0.06537390915214403
-0.061573925535502956
-0.022348855830585868
-0.013102649927012551
-0.04701121439946441
-0.053961282170225396
-0.04930150014095094
-0.05231311699064064
-0.02872543766128493
-0.02892646221076245
-0.037204209227957
-0.016021817495782627
-0.02895552181513486
-0.030221981972398056
-0.026940882206595986
-0.027030972996340913
-0.016168185342644383
-0.018390933510536826
-0.02296100188050581
-0.016378997535154385
-0.024985895511799673
-0.02252419483410849
-0.02363585841105806
-0.02312173961607081
-0.018918584556295207
-0.017684645203640492
-0.01126913254583188
-0.011340456124175466
-0.021389556948422768
-0.029735072900854635
-0.03126115371063167
-0.030326504846856953
-0.02386773434926938
-0.01415460559627149
-0.005420215528298311
0.007669703040918969
0.005412465449235579
0.0016565748646765507
0.005871445561910176
0.011426923723062607
0.015462721134441701
0.011976698243832185
0.007174490231260441
0.02783502364733371
0.01915435789959766
0.01388331392065347
0.02640583601496047
0.04318411828715914
0.04358213461498988
0.037838286166112345
0.027445501311790584
0.07513819337555681
0.04494360307897374
0.054776138820539035
0.07714299011826417
0.10210394260039736
0.10788159278708757
0.0867503386187729
0.06419862372230357
0.15060835321212201
0.09038463715793138
0.11891917561194489
0.15579525989398443
0.1708450106572086
0.17811255785567687
0.15592867925537207
0.13081186828493419
0.29780215296916934
0.1605117318651441
0.22131737834989676
0.25880049986683235
0.2843605259479294
0.28484170364049993
0.24605395778015057
0.21578904580166558
0.4376175881666078
0.2463732639505593
0.2993385438826589
0.2862899969875665
0.275352444524859
0.2767770841041878
0.2762096650116598
0.28579684734902816
0.5282118155813162
0.3368659722054781
0.33198691868363395
0.26877514927216556
0.17646992179699483
0.19422004421810632
0.2935202148594581
0.3635981790962263
0.5520580558210803
0.40243538815743984
0.3305178080177343
0.2038970972851376
0.08220006968296623
0.1197962059472478
0.2789266005151261
0.41897541678335276
0.5545136663162131
0.4547871695540224
0.2870724134724865
0.1321112840021518
0.04392934689234221
0.08337944259957088
0.26902065479903353
0.46910760594069734
0.5313356182409978
0.4347716398100982
0.2049094790003873
0.07679145386564706
0.030667932472040797
0.07139820678202335
0.23637439695925658
0.5115743433133116
0.46681889779490177
0.34207014919663364
0.13157674309809594
0.04047914434354367
0.027437116647020247
0.061927138696933205
0.1880853324790142
0.5162854056869275
0.37057275133065737
0.2159281860171091
0.06975239116424924
0.015558225658997765
0.016797030993284688
0.04167749863477425
0.12573351388937126
0.4158616132838868
0.23438565821136922
0.10981449027767133
0.03049008115235772
0.0030320474090843627
0.005784968267229484
0.018778296416674847
0.07888582003308041
0.25487058531660195
0.1263494098192228
0.050785133228659324
0.011922329741133145
-0.005300154148381482
-0.0019908953367648884
0.008183312607192428
0.04147039964444688
0.1314073967765871
0.05121411233754951
0.0193304108502844
0.0019088203388863485
-0.006383143267278837
-0.006236856032218677
-0.0008047236967373513
0.019652288073021336
0.052153299141521975
0.016841495468555404
0.005817414080679256
-0.002078066489664852
-0.008874484058671353
-0.011005683298367952
-0.007166255462652781
0.004402998727935218
0.01513370760067469
0.004212982205100701
0.009093001994703299
-0.015487951340161623
-0.02126678900727723
0.006219830443058733
0.01605586713464939
0.012455593038996937
0.0037272002895998298
0.009800187323304354
0.022509767084827777
0.02833556896770334
0.02148710284624933
0.05017269872336951
0.0539409968975484
0.03456778669590266
0.012284905408857306
0.0345267972758413
0.07249442328847504
0.1005662875607239
0.09531811399763965
0.13044097498070786
0.1349842876408831
0.08943921448894065
0.04619247235616789
0.075203564059593
0.14037280456376033
0.17757661678967981
0.1486966309835326
0.1840312007532999
0.1967916248026101
0.17825495559176388
0.11791645186006063
0.14930865874029112
0.22687405893515025
0.2543805929029845
0.1947125004086371
0.2120241782872517
0.2347926891128713
0.2568213610874725
0.24709553155311664
0.2419009129710687
0.27134640278374567
0.21289519968483675
0.10063092885296493
0.10618818994277197
0.1533352768059742
0.2339830044222156
0.37780746170453156
0.35912079642884576
0.2564671360197545
0.11542937336116095
-0.0010093585248656348
0.008083436459046382
0.05323388157478204
0.15686677501560875
0.47459336694583687
0.4511907763647045
0.15280217528570889
0.028480930497419267
-0.05477526779498973
-0.03393829360455798
0.008600750018612238
0.07224236354183085
0.5094820494815703
0.49159834626903853
0.07551854071681015
-0.0035545506410679536
-0.06781634524649685
-0.04236050131142689
0.00479033921516971
0.08502715376592968
0.5068250877085502
0.5001119700189794
0.06692169784845473
-0.004356439738787361
-0.05440799514220485
-0.021179425124038285
0.05033279012040277
0.18492274837578218
0.45186619925429944
0.475723746160765
0.12649046899694522
0.048226509919844375
-0.0023162731715402098
0.05044471100302731
0.16098307867141723
0.27841642241927883
0.3333527558009499
0.39047219635695957
0.19730548815064908
0.13954006540427485
0.10481250614029337
0.16434630203233808
0.23840278475778456
0.2553737102216623
0.18106448667669914
0.2545634664057848
0.19566853266614498
0.16350164136913853
0.1211327932078994
0.16003281551388737
0.18040874354445682
0.15889616719998254
0.07863385056175293
0.12991762567965434
0.14077820954242332
0.13490559717850806
0.09395239339696664
0.09605326538163018
0.09586418785634145
0.07168043079039835
0.02216573470201349
0.051136777596008584
0.06899029951131486
0.05924455703464694
0.02727027814224702
0.03072251713075686
0.033378486523189095
0.02229840778269034
0.0073250282857794035
0.015229560699687391
0.03805056786589246
0.04410770365879591
0.019741522352391627
-1.711041697707404e-05
-0.013790249365954006
0.002231144173530136
0.00028924508251984554
0.010267657068731076
0.04292611633633591
0.0751114808677238
0.09961795496566452
0.11815703676130429
0.11516832491393315
0.07249809366915486
0.018809595803873688
0.027131924631659234
0.05966614834331647
0.07814118892899061
0.05685864611492652
0.045303602536682266
0.07415318922045659
0.09622552990833999
0.0483304537066699
0.032481979128843666
0.061577644637634814
0.07364725283109248
0.04003836469231721
0.020148670494680408
0.04493492734624762
0.10528598939872423
0.07394508728852989
0.019317095003011223
0.06652030233779913
0.06823449259766266
0.020500226138339253
0.0013349718638125607
0.019721589815165468
0.09403133313782376
0.09042199848439957
-0.002376838318909468
0.06510472542417914
0.05904899049038083
-0.0004753351675626066
-0.028529104382828404
0.007714630043830703
0.07041929075546761
0.08020521757288751
-0.018597618587535805
0.07030545444370494
0.06853837817625213
0.011435494437461741
0.002299931822822379
0.037804068538972786
0.05634899098066193
0.056014938325972215
-0.02108103154681408
0.07291588765274504
0.07983469723698886
0.036006212082124234
0.027815315938387188
0.047027268326255416
0.03455597961393722
0.025226063846757286
-0.017019544847206674
0.07877294275227462
0.08065878170594624
0.03972145508502049
0.03553885700846379
0.02789982966194196
0.008560702857830817
-0.005579163200067825
-0.019749404575506245
0.06643372060700145
0.07018613378559159
0.023745542202271316
0.0156570266470592
-0.0035393374131970443
-0.01870006040881771
-0.024136878057042267
-0.01556521504788688
0.06654649877448178
0.060457960681303456
0.012565333808963413
0.00406132921001404
-0.010968013021545351
-0.039078616882881785
-0.03662231183595687
-0.009055977637636003
0.04765810146913838
0.042498640314620216
0.010035322634720935
-0.009418907732378747
-0.017233772476400643
-0.049909086398934245
-0.04680693558722878
0.010262313082425815
0.050409022372268325
0.033024526039861064
-0.0006581645768173041
-0.023908292948598225
-0.027843696015222474
-0.045807616258941954
-0.03891455362409115
0.027613233497118028
0.05398683504813699
0.042924403709612695
0.013642664494894678
-0.00713245368296607
-0.01459336603786719
-0.026371102690546624
-0.026455146489397313
0.029041306103934166
0.05314048780141343
0.05883139832393338
0.026492871228078477
0.0016346713317167171
-0.012936271027431152
-0.015618413735829399
-0.013780150167879205
0.030196703445079423
0.04801220121047513
0.057143467196640395
0.025561826784223425
0.005740610151037249
-0.003353894812311065
-0.007920233524199781
-0.006231280635248414
0.024494921373603287
0.039771865393712955
0.05257159050183771
0.023894219436653465
0.0013301662752963615
-0.008257922051270749
-0.011132591359140085
-0.005870589641586687
-0.006215794532049187
-0.0014996553828001895
0.0008167178703524767
-0.00020189719294213572
-0.010237786041412084
-0.016052292922643673
-0.007004886318641573
-0.004739246224685746
-0.005912185467121737
0.006177466821419937
-0.0027475252775170703
-0.01195675969806851
-0.012656500725436818
-0.012695421943386583
-0.009608815368797381
-0.005756078861876937
-0.005125537979812724
0.006582977599949843
-0.010732087926021575
-0.011304354351842634
-0.011208402506304086
-0.00764457691836619
-0.011516250721710706
-0.007411826304608208
-0.00755248934437001
-0.0008448041924504684
-0.02476275829128991
-0.023517912733903596
-0.023503768889957633
-0.0202941618494702
-0.02713705222518135
-0.01583871829929986
-0.017897322306207126
-0.024383408524150676
-0.04790798983879929
-0.027463912992854733
-0.03264433699935355
-0.047717277138521454
-0.039859357296923005
-0.023530875194729482
-0.03558540504545946
-0.04815340816635645
-0.0413891095605676
-0.006390440448207427
-0.014939993267131468
-0.04898455807830195
-0.06044350845499117
-0.034187901858434955
-0.06629739328068866
-0.06076016166639034
-0.02468419056104808
-0.0029125625102171013
-0.01390582348376929
-0.03609453120344614
-0.05943359451250763
-0.03699815184593781
-0.07877295412290293
-0.0527068482292314
-0.023227776266483303
-0.015328557007223758
-0.021364550654850944
-0.03329504872532917
-0.05493429279923131
-0.04292727088134819
-0.08125856132063412
-0.04295805446311888
-0.03848668537446941
-0.029039316332773235
-0.042407287064667246
-0.03281337878389147
-0.04992579181049686
-0.04671484228608944
-0.07114663410867351
-0.03921060330155073
-0.048371463636685645
-0.030801033519181325
-0.03664868863428215
-0.013166038862459296
-0.03571416517146449
-0.043712691648237816
-0.05790059716285622
-0.043823710105835
-0.05796411124386416
-0.04465788436952077
-0.020673523652324936
-0.005085707347146448
-0.03186882796357695
-0.04405594705850725
-0.04038806360679414
-0.03958619944936458
-0.06032836081130574
-0.044265334811671685
-0.01131948832888581
-0.010009714073671279
-0.030841700052004043
-0.03994049923918499
-0.02386949872945331
-0.024317957856633484
-0.050295638843815035
-0.02201469198228294
-0.004675770398272861
-0.007041559916108331
-0.02926803383818908
-0.03119715044450603
-0.018088824162722228
-0.01708596789272032
-0.040178233855405525
-0.005585159084143605
-0.0016352431895882875
0.001509915770503373
-0.015824008526359845
-0.01207102685107195
-0.015687184841103215
-0.021886390398583568
-0.03654919231572119
-0.004462435596833039
5.909986340565856e-07
-0.0031066461628672893
-0.013723073834538876
-0.009155251942916547
-0.009042099349886428
-0.01739328546299479
-0.032982620855373034
-0.01454742070036378
-0.010751657015537961
-0.007933291863994175
-0.007538583603270577
-0.00448749219837597
0.003932905844393995
0.0040707154672074775
0.010826048643950209
0.012661676849329522
0.02264585962905067
0.045828904489509804
0.04890075743019674
0.04158674979026177
0.010883245464058422
0.010722086610097834
0.013989413540075872
0.005164041185509187
0.012721924994511476
0.039684424153524245
0.038662068456371414
0.038330986209982036
0.03419245941691182
0.017813613824653064
0.01676146715417634
0.02079431282750723
0.028322308382692216
0.0439940431545343
0.054023800266962345
0.057929852847733825
0.060692832171097826
0.035756947884715354
0.058061614961190444
0.07305407227852126
0.07564901415748666
0.06964961063350397
0.07103655220298415
0.07414077924165262
0.11282672627572299
0.07511252233608694
0.10616811087859399
0.12097381508669795
0.10721139788803666
0.09900537922372038
0.08994316886100187
0.09343039119600804
0.1492921401355742
0.09964986714984853
0.12384088386426431
0.09999453095247068
0.06180296067223663
0.05288384181262448
0.0320772690278418
0.035559464772052934
0.17272647613926917
0.13922448940188603
0.12206451437755322
0.06915203750680911
0.014751742177442927
0.009564184740831188
-0.008457206652953986
-0.01675343794270127
0.178434538571502
0.1742788000876996
0.11802689036167248
0.037851002796985334
-0.010693088126555807
-0.0034360066855202995
-0.01431700208294972
-0.04337964190881869
0.17270342912078698
0.18548908176460627
0.1215977520938208
0.027613844534908456
-0.028636180001426346
-0.013223800377773516
-0.019345996433744368
-0.04745795511247996
0.16488194788771865
0.16582500833001998
0.1103958417756611
0.020545914438136508
-0.023271330204817656
-0.013263155652789167
-0.024708103221734317
-0.04734050548433683
0.16437551179575893
0.13434934982145555
0.09169229980499992
0.009055758317777591
-0.014850383580482966
-0.012724488599343843
-0.02609262081884756
-0.043465930981354754
0.14901777392101526
0.11928884410495505
0.07858450757449537
0.014926359945400498
-0.011153934984821859
-0.014528769643462907
-0.026846702932964765
-0.036543667319588115
0.10885646415832621
0.07121046659022186
0.046841342834908754
0.006078252648211883
-0.016937423207531357
-0.019423056529605257
-0.02123827390313824
-0.02007986143051252
0.06631218090669999
0.029250318148515243
0.016361016327473856
-0.009344986425134202
-0.03304664503924995
-0.03251455719856174
-0.02960736377566696
-0.0188490751492097
0.04258655812850393
0.011357339056350108
-0.007650622078796629
-0.024456351776118112
-0.03406712054619616
-0.02798443426320945
-0.024091507408954556
-0.012633476766752756
0.025020182408942843
0.012708049435611758
0.0003971346826214441
-0.01517582043664857
-0.0227581840803075
-0.010095390158542744
-0.008085949504472814
-0.0027720142111099405
-0.016721785170015574
-0.035964016327867436
-0.042966620349016764
-0.04620072342760298
-0.01836360939394537
-0.01440211159797033
-0.002791040095970422
0.002177849864916954
-0.02410339471868485
-0.023718626625165103
-0.003789957429806005
-0.023018980823800387
-0.0004577267934754639
-0.00575776338966041
0.0033948314749789772
0.0076966678689564865
-0.019667394970131587
0.012652162948063718
0.031133410356711126
-0.006585339463175413
0.01641320039430965
0.00853027693019871
0.009776789440411335
0.009194764693177869
-0.006571898250175477
0.029173003072634356
0.030992204310370943
-0.02616620276621962
0.008927390454615474
0.0005760238268280351
0.0013681213831839732
-0.006402203763559742
-0.00026743989403335214
-0.006418902641277838
-0.005472574844467938
-0.07027008088853379
-0.022185342077179624
-0.0485434287053321
-0.04365285173614015
-0.04150826752171057
-0.03721699027205699
-0.03733179824954872
-0.025692990153351532
-0.10672030434951153
-0.06103590217551057
-0.0951920537812794
-0.09535935874608188
-0.09255922008753996
-0.0951624957777922
-0.0449607160445851
-0.017129680494963266
-0.10878982685946412
-0.09447443666784329
-0.10265106246323732
-0.0973048545002361
-0.11233461256040497
-0.13966125372442692
-0.08709911473973032
-0.021135921246594195
-0.05122431473819609
-0.025117722647440284
-0.03802364063561889
-0.08323636082109609
-0.09512444838166724
-0.17039299812504574
-0.1304939375173969
-0.10344101468724753
-0.10155902685538189
-0.011324563609632392
0.01786314008537312
-0.036070268492524926
-0.05734711943742155
-0.18639793297023463
-0.1530180233589479
-0.13157787593265177
-0.11341627468964306
-0.055816104888549746
-0.005724664440316134
-0.029399387639718867
-0.028166508832756128
-0.14090097084173353
-0.111735862422081
-0.12956485806815699
-0.12257131794569445
-0.09167978797981143
-0.04117564716965578
-0.02176236706054594
-0.010160655068248455
-0.05811589428875955
-0.06275581906934526
-0.07513274996865016
-0.059987865407069185
-0.03911509693118199
-0.02625989346720654
-0.0036842743406615888
0.0019284788659835626
-0.002218934473135733
-0.019254424590936424
-0.021245642165178217
-0.026880610387654515
-0.02108764585148738
-0.010680445865159111
0.02602215886229191
0.0191102656438558
0.012784931714026233
-0.0052277846032013535
0.0018003480357794218
0.004158237513358856
-0.0025793474940091344
-0.005772914899649032
0.007232775599345326
-0.0018407714914358234
0.006451910369657927
-0.013676037326462121
-0.005067617265559631
-0.013143776593337268
-0.036026653932108695
-0.03702825623311933
-0.021924702021522753
-0.0050062707958429915
0.004669891902920332
-0.017817191265831863
-0.022495226760202706
-0.03006968754604427
-0.05345724108642089
-0.042498634409451355
-0.02995760889888413
-0.01009637344488053
0.0048834332096540384
0.01132365891233907
0.019432937426854157
0.03306350304467634
0.032643297691351374
0.024736374902043997
0.019577590771399315
0.012510052306621637
0.0058664859440091185
0.012803448904071823
0.028271393561176722
0.04806263743154763
0.05010090262427691
0.03360068601915753
0.025849887407400757
0.011475726351500046
0.004752951327864462
0.012617067657963528
0.03922432219900061
0.06428923474189877
0.06223729302801846
0.049215408923432014
0.03263467477860494
0.010051203080427555
0.005586930074369787
0.012086079397750435
0.04126874613320359
0.07199248136884107
0.0652211391052675
0.049820064077749256
0.03065710421451046
0.008328076416421568
0.013887844202425703
0.022866212216595506
0.05570835766960175
0.08986952307364279
0.07087284505766549
0.06187692921937956
0.042872843604553165
0.015090324620015437
0.02306673632641018
0.02863803220096831
0.05840405097699918
0.10227966175673028
0.10314434224677002
0.07833464833654089
0.05286589333025497
0.02347738518643512
0.04217339254427281
0.055475599921060076
0.0759979411203396
0.1099066493996986
0.11373799021393617
0.09113868809736946
0.06478606838231563
0.03484880726712897
0.05119493054044111
0.056200539596864094
0.07878046378987948
0.12094629918341525
0.12299878805670876
0.09692648909775384
0.06199002113516738
0.03284565515704174
0.04513478897663053
0.062226788253522736
0.08371958420649242
0.12527312590950757
0.13069357035603232
0.09372805917455301
0.055968069141320305
0.026048569187100717
0.016895855193387457
0.043006127274872866
0.06971032108241952
0.10319189858540082
0.12173370280106754
0.07210662807762849
0.03359198930867832
0.008932516916089588
-0.004077988862765278
0.016492140668584922
0.047735862247639094
0.0888656279101584
0.10792954122943761
0.0630433952769788
0.019226723212594648
-0.003847336644805864
-0.009448834794084
0.0062012382821793706
0.03665809667833683
0.08003286738355646
0.10043473533792485
0.05905570631209631
0.015361579186467552
0.004383822816764651
-0.006741875057156644
-0.002107495070667511
0.020433820321736934
0.06236142118159034
0.08755309764021046
0.05604615237114212
0.02077187190912425
0.014149134185082906
-0.002421536969863655
0.0025029964523946104
0.017489263690092374
0.05874709352151483
0.08318196333575008
0.06323394022162684
0.032391871276959416
0.01740613528217168
-0.0016097484428464173
0.0032747614911076838
0.011179227064171763
0.04770412983430041
0.0670749485844517
0.05404507817196769
0.031239959825211026
0.01448259931064822
-0.0006977712914025819
-4.52833230732116e-05
0.005085085110876132
0.03484737094591138
0.05040056784244014
0.05009093299598642
0.03284752299798765
0.013086516006444051
-0.0013069344769419055
-0.002729719365587695
-0.01578810009444216
-0.022448140578233567
-0.029186096863480917
-0.02380950968715048
-0.011505722106673775
-0.0013988564663357365
-0.0010129700676019503
-0.007208110678322598
-0.024749519395197164
-0.024419761013333898
-0.03481457539147962
-0.021362552316349176
-0.0029765485290499756
0.008575189255668423
0.019829619914658494
-0.004050162144672093
-0.040472147786014046
-0.06001285757057375
-0.06894624686264147
-0.04517163907818003
-0.005305826475377167
0.03275866832585352
0.04535013573144284
-0.011680588426129858
-0.05303769019126882
-0.06142847996438821
-0.047065571868371625
-0.034311027165166666
0.0031046413942297803
0.06874157781107752
0.06529275500057985
-0.026302897980378083
-0.11552746922933803
-0.1348861129998534
-0.10151589004131001
-0.07043587091771007
-0.021458220250742763
0.09783007822415109
0.04924309581630294
-0.11809725488917208
-0.2169987302586116
-0.2114960735770475
-0.17780896512905395
-0.10793698357508268
-0.07007618175246588
0.1017869458791784
0.018250334240604342
-0.14910699933300828
-0.18566975316993695
-0.15571794416188772
-0.11999625656377697
-0.05282528659111618
-0.05171023809093096
0.057903459726724275
-0.009388237328441672
-0.15421164368074364
-0.17484895676996168
-0.14484132025286564
-0.086269183771798
0.00647027067746425
0.020921599755337895
0.027123369937410945
-0.007496178267653161
-0.13872382952178314
-0.1250917453154829
-0.0921970501469277
-0.03513716460289335
0.05339510899028465
0.03477309846802702
-0.016236138995923202
-0.00681041705648573
-0.11665263676733319
-0.10823578774108551
-0.04334738854904864
0.009169407360411714
0.0379093886086926
0.038664145925179604
-0.029825467280605766
0.00476929686234886
-0.06875345913694797
-0.05760874146864617
0.021557433098921434
0.03680112179961019
0.03155405858439246
0.02595318548757054
-0.07794733912278082
0.02851817479682374
0.020119265645311236
0.001513959664049088
0.05319429057982974
0.058335157267792204
0.06517265883144101
0.06870654958702785
-0.025817106064152204
0.021181190868329296
0.04814412049844677
0.0258778860625754
0.04599708636084293
0.037760392395560054
0.02884462954257511
0.008824566415365928
0.000943172676276921
-0.004112025226773422
0.013252056428398287
-0.0031129186441772446
-0.002847421359993765
-0.006659993505818216
-0.016001503274900936
-0.013963088742643173
0.003553193436414925
-0.0021842510786798356
0.004746286447690882
-0.0038580206712780798
-0.00988167683650385
-0.013337308520657499
-0.010643084469339372
-0.0021494388099100484
-0.005976023622492925
-0.0075812962399006934
-0.010830430387948318
-0.013041319382851208
-0.01731768842124075
-0.01580684586348951
-0.006213825100141805
-0.00523491103795268
-0.004884982350399204
-0.014514672957219185
-0.01162466383165587
-0.026481316200442678
-0.03248999937311301
-0.03621905079344282
-0.03143843854511333
-0.01860982162517011
0.00597067509136019
-0.01853048571893964
-0.015862242189740403
-0.03772098073549726
-0.04095383166366416
-0.04731139842212433
-0.03935617319090113
-0.02455754276921267
0.011790420011448772
-0.021262514449879585
-0.020860465789422206
-0.03594020315432965
-0.035233358051293386
-0.04096507149263557
-0.04251409786868016
-0.017355599475595063
0.026911754041912678
-0.02665011764842389
-0.025481741467018863
-0.042395500879692224
-0.05080120856884156
-0.05282124011062474
-0.05111661365138829
-0.021627129635477877
0.032647875302017786
-0.026530360800895568
-0.03697191947286491
-0.054013720244486196
-0.06692027731467048
-0.06824062557654238
-0.063588062463831
-0.036262351129621
0.027452673214353924
-0.024065987980613084
-0.03634358004309358
-0.06386496736478868
-0.06299997893382625
-0.041924419540543156
-0.02465787373391106
-0.030987416107193008
0.01594051850476805
-0.036545276845124666
-0.0225634894528249
-0.060481058714534824
-0.05548984482221197
-0.033050637981126375
-0.012156973673990488
-0.030096797856760563
0.0020904389637061193
-0.051562182761889834
-0.007887973069963099
-0.027642269059509762
-0.036916458946027526
-0.038341830058757756
-0.013833889179965704
-0.034128559921029644
-0.005861171345318497
-0.06660733787122906
-0.013463616389826355
-0.012970057815949827
-0.02971056801592737
-0.032893463184014454
-0.007809085246676781
-0.04178025008886335
-0.02529280480271167
-0.0805332114827363
-0.013568623881010428
0.005862266315963268
-0.019106994788228304
-0.014927170939966115
-0.008499520144948583
-0.042808668780762664
-0.03475800682458021
-0.08152893624268369
-0.032191516058104185
0.008365758648999083
-0.0035293793692642425
0.0018908698607044787
-0.022745825388452694
-0.05853612646086227
-0.03661752539419872
-0.06853425568975634
-0.06637568036143933
-0.019125026073797805
-0.02073459842787406
-0.005537380123851598
-0.026998337035191118
-0.05683914041159537
-0.03836679363718643
-0.037221891711911495
-0.055249051614054266
-0.017928135380309296
-0.022842873467553003
-0.023078137381758762
-0.028575445916768572
-0.043828069599475404
-0.03593017934735607
-0.024580021298872278
-0.034268622919006744
-0.011569474985823268
-0.012980061665044784
-0.010331903052716673
-0.005873683240580669
-0.021732707296773505
-0.028369669629494925
-0.01746802838963575
-0.039718233181108197
-0.024890755698393042
-0.024983694732842922
-0.022252019290446404
-0.028001973389317574
-0.029364446324380185
-0.028162893045870777
-0.008247045075136494
-0.03221887987584091
-0.041169785373520645
-0.046170654922974015
-0.03870674676643462
-0.02985754535803288
-0.0128268425751751
-0.009626241119329644
-0.0111644969084526
-0.028288065945686027
-0.06292678088539819
-0.08674137042628434
-0.11808619740604302
-0.1273877462564694
-0.117268216951425
-0.08755593020535135
-0.02104182362562624
-0.04483054671986663
-0.08076431377953679
-0.08923967085773692
-0.1225011066786165
-0.16028086275412268
-0.1482998729561517
-0.13092794725289025
-0.04123412956787052
-0.09749055706141668
-0.15912858780838857
-0.15912309520585322
-0.2388061732715802
-0.28095980757638545
-0.25867351735030913
-0.21579822366021448
-0.07437664792877852
-0.14309758104013795
-0.19195775519996805
-0.1836284619731317
-0.2663673621906357
-0.24326866697991706
-0.25207525778081485
-0.26895958169080664
-0.11649063481913018
-0.18553741552755543
-0.24055973865590735
-0.26720685131153254
-0.27841092364101966
-0.2384710998953066
-0.24518539442303633
-0.30275048908467045
-0.17130132334297576
-0.21609102764607377
-0.3388189978621884
-0.29199581145625947
-0.24248330592141948
-0.23337093118248017
-0.199978816824032
-0.2633457247841346
-0.2129628208720845
-0.3265445219767065
-0.3522270962647536
-0.21820236281618574
-0.23813488652180081
-0.251337519812609
-0.18606376990821996
-0.23510350994467724
-0.3038942723914508
-0.3280830877888355
-0.25137489058952645
-0.17733686429526765
-0.26695928690070686
-0.24727321047982023
-0.18390791251287958
-0.21986222331035363
-0.3514127536555106
-0.23739834662950515
-0.1584385712868651
-0.18506120703614953
-0.2666152211936816
-0.21578714076870356
-0.19442315457475756
-0.215082816573493
-0.3864749063872897
-0.20042477384136004
-0.15310543830297185
-0.1971378816347756
-0.16064056437430954
-0.11843120525950872
-0.1676910908724853
-0.22085519360151756
-0.39482955685821125
-0.16419076320620235
-0.12944238226596314
-0.16591444405598374
-0.10641076753016995
-0.10084182296911616
-0.12508216591697088
-0.1893785451676787
-0.38718072150539773
-0.1912024842125352
-0.14388856570812988
-0.20520803685268116
-0.1354832970729303
-0.1384058667060302
-0.1319292641670136
-0.15507436471943192
-0.3332774494894588
-0.16916941370893177
-0.14339723757078315
-0.19088887715836075
-0.13490562588274135
-0.14971193143991868
-0.15557666799436765
-0.129647224024959
-0.26877059308606394
-0.213563072744072
-0.23251321873958977
-0.22065862136025782
-0.17717799715780364
-0.145487026244925
-0.12992606062382356
-0.09853009613870899
-0.1513199906076849
-0.1163121006688438
-0.16149937290265506
-0.1290375755982214
-0.10883724804100088
-0.09978653570330655
-0.07037206585083458
-0.044200521233676966
-0.09712750255869211
-0.10415342632159753
-0.1302852380304015
-0.08852162096843103
-0.06850294407128783
-0.06254859291581505
-0.027878044566788607
-0.01651106289758222
-0.012953439559373956
-0.02263740590646777
-0.03691929612421308
-0.07379313211552999
-0.11020743419079432
-0.08293814148195859
-0.0606197509014756
-0.026622759653481008
-0.012263232714734786
-0.03650480551073292
-0.03341313827912375
-0.05499830492687911
-0.07513810077637213
-0.042993012369650495
-0.05504814815788559
-0.03991573084207836
-0.010250190968370106
-0.043521603056339016
-0.028496701469001004
-0.04639296387834606
-0.05703211655406862
-0.02427209237994968
-0.040409688786341734
-0.03805119014292885
-0.0065561415402784875
-0.044378918247538465
-0.027432330537168537
-0.043042883148415007
-0.04736738982370694
-0.013965960336236814
-0.03363339506636422
-0.0348505896221584
-0.006070901067540639
-0.04096777294771823
-0.03677369110637111
-0.048328627796029665
-0.0348523618833272
-0.006390032821259881
-0.03312998579364675
-0.04037960107205625
-0.01623451618816902
-0.043070270114566815
-0.04157286886767107
-0.045060228785344957
-0.031566330132068346
-0.025591943829881864
-0.061556084476618304
-0.049407939434989036
-0.040958132120696246
-0.057023005073688605
-0.028276475756495792
-0.04302135947076455
-0.02852960709802235
-0.02819162506380814
-0.06465641644134595
-0.0386851559945847
-0.06757515520747423
-0.07500097980557802
-0.030725206445258328
-0.04336842815992529
-0.040502503574874005
-0.046356105642235385
-0.07034395974218248
-0.03015130442090753
-0.07308474558736033
-0.0651557801771785
-0.02541375051731061
-0.037981773646612864
-0.06630335705463185
-0.06754066279100121
-0.05792059971319323
-0.024039947113684068
-0.0607810366239573
-0.057277592962207684
-0.04383300823155585
-0.05357953240423107
-0.06698429805376124
-0.05675401446254093
-0.034273099449847716
-0.025608017513744464
-0.045651690324177534
-0.03943285568387751
-0.05582018742457537
-0.06603761403064674
-0.09571553101394618
-0.05942383646458569
-0.023855733578856782
-0.017106525504644303
-0.03186588968217093
-0.04502795691533032
-0.06714991779168701
-0.07713285070584165
-0.09508576447886036
-0.05269003074923558
-0.022644494009883435
-0.010161889799047079
-0.018683378083238528
-0.04928936394167913
-0.05890198026934208
-0.06409543141968733
-0.0828767115613509
-0.044407680039576736
-0.02771192746262208
-0.009908396336096853
-0.023731642428210867
-0.04918839463379109
-0.04917587056353211
-0.06639685402771771
-0.08827846248631681
-0.047414913652036504
-0.03842884981168602
-0.01326925823596564
-0.02789638804299734
-0.04234815504090624
-0.04715747551494516
-0.06960806609998063
-0.08811380087434556
-0.044275884371307625
-0.03906245951601942
-0.01611410967693327
-0.023110931488225496
-0.051995736674577894
-0.07513801031942069
-0.0901597776760866
-0.09271814067056189
-0.04390595732852706
-0.027202760123833245
-0.015855769929510464
0.02662387487407317
0.032005734619055884
0.018126984754834343
0.0027573776429626667
0.003391134943507051
0.018792492234655192
0.0389549544754288
0.039265198125060304
0.034371516594462456
0.04948965076142074
0.03759954052948137
0.010887710438067164
0.012927147237138841
0.03360531704868351
0.05002461672550219
0.054260627892173535
0.03169681882586463
0.04809412532535396
0.05246186572071626
0.028329455635195164
0.019687169726897113
0.044127089655384734
0.061107947778210034
0.05451570653685589
0.030684721410791885
0.04050839701031259
0.051979847825493995
0.04825999099681981
0.04189911248723491
0.06795000202053746
0.07524560175011746
0.04366035955510621
0.0211878399351604
0.03011958047692698
0.043885563495540326
0.05124949142950697
0.061551693662611054
0.09000556755201658
0.07517609043925894
0.028447824042094994
0.003209752165794139
0.013943468936887112
0.031270050363283335
0.04933422726842397
0.06642801998789742
0.0895615448452933
0.05611451851892795
0.019062488508267406
-0.019719599454601767
-0.010397168478200821
0.014178099863548467
0.040282916044073365
0.06743246907388134
0.07478086291835498
0.04487464855268501
0.019373686051144003
-0.030803496959297235
-0.02067172289512755
0.003045275876556413
0.03509328523457666
0.058209655439668
0.04397083616753538
0.03061158031267196
0.010477689297104999
-0.03232030943334763
-0.018829714355555048
0.010894317119518349
0.03684958621415629
0.03636192264728079
0.03193304374172595
0.023592423951596123
0.0073291603813070046
-0.027768178520550198
-0.010981782236635783
0.02885667140831402
0.03286588408719061
0.01818072708881712
0.016134421080899866
0.022956547738280965
0.007076183773033677
-0.011767001523822285
0.015571726967196392
0.038828555930260855
0.02719355686166268
0.019355748351086426
0.01791733427888846
0.02262778229447009
0.008256995127389295
0.004972991429618487
0.03178748874375167
0.037175077717664366
0.02719573048710813
0.01961969636083095
0.020556040084676413
0.02610955328530807
0.016539175995233128
0.030394169104907724
0.040064662143410826
0.032089755410527526
0.025935032540705925
0.015852875052620855
0.020163667533159263
0.024864550725172664
0.015392143110777237
0.03989974648267615
0.036154572657341476
0.030728804665706926
0.022172338789635877
0.013149795505050892
0.017823160651966218
0.02088120584376742
0.012777849627827105
0.03817041943697985
0.035279008706249095
0.03060723382521518
0.020062957762957776
0.013277997188364865
0.013633995466832563
0.016765415416230674
0.009482672262675804
0.030333948951935755
0.03742739792725368
0.03812380780710223
0.032187704923267016
0.021843447372697757
0.01590474482048788
0.015583272464798159
0.006589525335333876
-0.0006774996165683442
-0.004460610978706387
-0.024924377891281005
-0.02801072046568635
-0.03260076438992888
-0.028175536478333697
-0.01776230044887948
-0.005786794583177156
0.0007331623430906285
-0.0009478866891560748
-0.017175707317834896
-0.013018898308000869
-0.017472600440021916
-0.021894801434423215
-0.012036169877226827
-0.0017689004139903968
0.005831494243832608
0.011655902478779378
0.001028559339149064
0.004302584114424675
-0.0061352629799732335
-0.013185979638340182
-0.003646219560386844
0.0005922022381633317
0.019874284117342583
0.022235394657516384
0.006179771819834484
0.005883921960555044
-0.0016231017121870971
-0.00770633073866224
0.004111742854473901
-1.2489340645159978e-05
0.04380556706548688
0.03874861105524929
0.030971021667955744
0.0366947324854239
0.023713116636705764
0.020130701599041834
0.010217347347645954
0.004066122156628881
0.017561688993416234
0.017329082347133963
0.0114909848608583
0.02155923163041297
0.014656273974096998
0.0430748455086654
0.005895134669515597
0.0022023542008595453
-0.013860057614115608
0.0015824504284140278
-0.006784882614786462
0.018355683381900568
0.03736212602991332
0.047203589308452844
-0.006195717969076152
0.002165463966703033
-0.015096211163179092
0.005984485913519387
0.019387072758191216
0.051921592508561584
0.046828983812550164
0.034684360416533916
-0.007868451602682635
0.006299311237163985
-0.0304950209317439
-2.1901788656000643e-05
0.033530151497907036
0.04586951851288306
0.010174279752188776
-0.00012591747133749943
-0.020560426849468086
1.4799275590124577e-05
-0.0343966628478638
0.022258819803994426
0.057270260195874625
0.022064917417794604
-0.011898170529447081
-0.014826262934902551
-0.011575967733388204
0.007828202050959273
-0.01509241693802012
0.03468131824676433
0.04387028084744258
0.00896595893364438
-0.003388749297384321
-0.0013695429000738616
0.010270563410058551
0.028498077291669005
-0.0037544151175018903
0.022797845492064196
0.033218202765518026
0.01719532731975546
0.019098495428643156
0.02384957441023225
0.038205137180050426
0.04143918589742809
0.00027353965815851494
0.01727961960543072
0.011431382940987476
-0.010101687513544138
-0.0016023410437298984
0.0076981495738356175
0.015101318783384552
0.014150766966410471
-0.003493129789918919
0.008811746980408444
0.0033380628281949715
-0.011545766932786732
-0.011093045456638697
0.002764585805036698
0.0038997072833825675
-0.002176213035561183
-0.006446891086514254
-0.002871694914040003
-0.012807147552407737
-0.02318569424241146
-0.029251306156219112
-0.012857021947615045
-0.007435652223124323
-0.0059859300926631675
-0.009059428142950418
-0.015409218159397825
-0.02989130110037567
-0.03777027465886562
-0.03923405880160304
-0.025037293819097004
-0.008643785411759114
-0.0021286972530027612
-0.006265616860612064
-0.003489799707314343
0.05799060778526481
-0.012640183454793391
0.004770870917586695
-0.006215498478898084
-0.022757588070996246
0.003935671130916376
0.04076968324176495
-0.008551763637237596
0.016506528682749162
0.007533900131774601
0.029059818252804497
0.01082234622202971
0.014796510163573381
0.021422719066026656
-0.0049748077061426265
0.07315564050342617
-0.007118656908804202
0.02369259750077624
-0.004130176513704455
-0.007950921929509356
0.00512140566752116
-0.008082174566132218
-0.0019492455676914549
0.013292237990469961
0.10099645544009235
0.01848981316732543
-0.003980844122976632
-0.009754373538849039
-0.0070222436844209
-0.005752863214566675
-0.015863161509593143
-0.014518345568059754
-0.002025395242575574
-0.00850282941400502
-0.0027632305911259795
-0.006348803650316015
0.012426325732546805
-0.0010674590930430734
0.019792516286726857
-0.0025556694906222546
-0.0047536352676766725
0.01282246891288312
-0.008279337341149766
-0.0010893652050875705
-0.007538258911378225
-0.006616888597703053
-0.014375291875952196
-0.004994192411571101
-0.001227952901080727
-0.0035462674528180336
0.05367720949143043
-0.004791513095505987
0.009800938667958939
-0.005582260420022561
0.06876929586984241
-0.003632896938435793
-0.015746955949532602
-0.007182499171662199
0.059446774025445244
-0.009221558285024937
-0.0020004580107950403
0.00925575475589409
-0.00464368825780555
0.04140930079063651
-0.0026486469188615976
-0.004168128378195162
-0.0032338754252411056
-0.002476237275813944
-0.010245460855679164
-0.0006263430342790952
-0.012566065495486695
-0.0026722255951632046
-0.016046610555645113
-0.003411903480097195
-0.0009127566523764113
-0.0020184973917899266
0.010930378744077138
-0.01102822928045722
-0.009240540030812502
0.003936429668409543
0.061418109993782194
-0.016208006706621026
-0.038213460064362624
-0.0147174284736204
0.014845294070151378
-0.03825355140635586
-0.01057905243713149
-0.014043231903857322
-0.009691152378619425
0.051466294611602306
-0.006437152886004094
-0.009403558322133108
-0.012999555215041723
-0.014023804086031884
-0.029555036622076484
-0.003530749153522601
-0.035613280694141325
-0.00876173778997952
-0.050454589887195735
-0.011176838285462768
-0.0028315043301241362
-0.010234927301136171
-0.019132449147721258
-0.011901541497947024
0.011252345807232382
0.003827912833662241
-0.0046045300894559
0.00917959497831692
-0.031114721995819883
-0.008248922771140296
0.0139628935372219
-0.008763721372351449
0.030691070288501772
0.08606195463886507
0.021414038049969653
0.048409229451329305
-0.010727321219504567
0.012108154939600973
-0.013299765487336015
0.014331196905691736
-0.008345672078206823
0.059117567624465406
-0.006136239064440313
0.03327349365332682
-0.020404930639284582
-0.010098206705202716
-0.00346961408285624
0.004914282355078398
0.011400746145799247
-0.0028241876484802666
-0.005353705912569393
-0.014998673361063588
-0.0083325202186427
0.016260349595815366
-0.024329211460846423
-0.016685891054367588
0.030116827320452358
-0.008982930809922967
-0.0023768397900228813
-0.014005224228553822
0.007518555418150758
-0.0006734117583651816
-0.002305616363996455
-0.0033994081187147264
-0.0063168264911099125
-0.002966799907652723
0.0010239551124652687
0.013590301204561507
0.0019082955276723324
-0.00860780360882804
-0.018578574430776193
-0.004727998859398362
-0.0027839178613611607
-0.0020673696322093663
-0.029517547848946904
-0.013784571620631887
-0.011984646880282423
-0.050094427807155416
-0.03563588149322992
-0.016425185012108254
-0.04086849718551067
-0.03474576692646137
0.006552760383121303
-0.041574535088911777
-0.009465176822638005
-0.026658556557782574
-0.013205003386039919
0.24723948109222518
0.00187291108386544
-0.014765451968846578
-0.020792643122108594
-0.011644309545495146
-0.05283699752525667
-0.007217542846351634
-0.015345915098418428
-0.029265603823925186
-0.09940459778231481
-0.03195130141373258
-0.006711603442136237
-0.018535767414305057
-0.008978138546917654
-0.006680786913589006
0.011661066335388512
-0.03345342321826475
-0.035830938658386484
-0.009040665944982698
-0.016763045953996396
-0.03669620565813067
-0.010378435804846408
-0.01750169595598531
-0.0044074569300018105
-0.0165437787672018
-0.011304266655816887
-0.001523997311568825
-0.005492861145848205
0.023725824081882677
-0.005650500740356081
-0.009988077875489805
-0.007020001691256627
0.008555654867222342
-0.024350004101358475
-0.008007172907633602
-0.033719869164337564
-0.013171331571801616
-0.004261728434877986
-0.006855222432992503
-0.0032023004589941564
0.010328713723791585
0.017696434655642208
0.03412455855275771
-0.008432374274164888
0.029083126790526645
0.005264612868312
0.014162088542331626
0.017415750163050747
-0.004028923517622944
0.03723715586044342
0.0822801525612617
0.003377712126910166
0.05671363506837909
0.019055497943913806
-0.0033402423579930625
-0.0017652385944681214
0.063558346653301
-0.006998361044055824
0.10763093930891922
0.033528539308688515
0.01880946245478377
-0.013908755022366269
0.016122203388473907
-0.0009169353217229482
0.03371488053901401
-0.014981646910441074
-0.009652858244103552
-0.0065144950279437
-0.03409587788225633
-0.009768492408266273
-0.014917403475466832
-0.053320838608794344
-0.021015784606964863
-0.0055415713890534565
-0.03683610259963962
-0.00452067504835073
-0.012833964819087901
-0.018387185945597403
-0.0027190681497536546
0.005944099808086834
-0.00811963769224851
-0.01363507863285987
-0.009357836048826144
-0.013786321063746472
-0.0034877361218425
-0.019772198624921866
-0.009955425227735737
-0.0313797652450903
-0.011909148607377627
-0.003982108138156668
-0.008236054260651873
0.01902323259518543
-0.003912571691926789
0.0295376992622696
-0.009619097595159738
0.012780703527534482
-0.002390151258565611
-0.010389637297544519
-0.005047290670755189
-0.0015280801941775447
-0.008023967214068521
-0.0023195419588535205
-0.0041579248505651395
-0.0047077809498525984
-0.0007430174099947948
0.015091035872997455
-0.0023498574181265368
-0.001521722645159053
0.017799832852044804
-0.005087452711439968
-0.0008912784553286808
-0.011525136173862267
-0.0042280915466295635
-0.009785188551107589
-0.004480174223855002
-0.0008689682789868236
-0.0021227575912835988
0.08471012037799928
0.06215657076051649
0.008049274377846274
-0.02179247229645096
-0.011864835846125995
-0.015003626736394549
-0.019172434091700594
-0.014098744453117361
0.027095498869486857
-0.019852031468122092
-0.005207434740754912
0.03226249817814412
-0.013636708488824516
-0.0027431634897670826
0.013946814129953697
0.015911604148290584
-0.00888414129938554
-0.006123253930468659
0.004188391160503211
-0.0018812864274734696
0.02674973081482894
-0.011388380966529285
-0.018458232698202726
-0.008398138018882577
0.015302752599782752
0.012640433369087049
-0.006250469276146249
-0.008058867637130311
-0.005637819915457016
-0.01951736032430454
0.022823007514091193
-0.003638803811224503
-0.02415244843042691
-0.009268979687775694
-0.0029221923983238137
-0.016013957251176714
-0.002279026311109091
-0.014440952150081135
0.011732513641060078
-0.0013625022295663816
0.0826189869143791
-0.0025899618489013767
-0.005397658672187636
0.027921027067323547
-0.012946535595680866
-0.0014383664638999997
0.010315909164515162
-0.009176600450119886
-0.028534890098274424
-0.006325839042554745
0.010595149710959697
-0.0034145916347587527
0.07486924660040896
-0.0013994794655245463
-0.0009829937506392983
-0.003065947831662044
0.07377977969895191
-0.0008408453568056049
-0.004600494789134875
-0.001678359611588743
0.24895384764872056
-0.0035853090584002686
0.011577042615066221
0.014005240473768004
-0.0010612084279122938
0.01886841803154726
0.09359336276472771
-0.0007993003073637269
-0.0009809498613994089
0.018208414171086054
-0.0020432355745769316
-0.00017488188992299475
0.05342550429391103
-0.0017917851860534814
-0.0037518075642358458
-0.0014849866659161425
-0.0002715123708404442
-0.000602287964372354
-0.00506040346106353
0.012339979129629834
0.05592791144517104
0.01199145797119977
0.011627699036134614
0.02090774045129273
0.0028859853546710987
0.013047783707974367
0.0434944460727996
-0.004063058442630275
-0.0014469887199990146
0.03298952616033821
-0.005509792465142769
0.03109751474930981
0.015056009364078688
0.01864818569057819
-0.002823461182469835
0.07481969033210199
-0.007923804862516967
-0.0006750630129853692
-0.006531324968624511
-0.005430593982558503
0.008719051830721596
-0.006235627470794263
-0.0012956134310626913
-0.0020853789911914086
0.013604444237354458
-0.002155393029082649
-0.0019792013560241007
-0.00893905115838352
-0.005235798920163585
-0.004295337614673709
-0.010654420049518698
-0.007871650769535807
-0.00336852049025459
-0.00785063649110627
-0.0033789223030027786
-0.005562476721201132
0.0865321530755817
-0.0010121523844269056
0.015779031892644936
0.015072157166334841
-0.0031113251660553924
-0.003211747005631239
-0.00671565016461166
-0.0007391162129236652
-0.01504844054175649
-0.0028384678796636643
-0.01040553530814736
0.011777478896369264
-0.0018788298387573538
-0.004217887660086479
-0.005365475063349829
-0.003018132240901472
-0.005345062574540967
-0.006832761999773403
-0.0025680072333077114
-0.004445047672741891
-0.02084516318550292
-0.014000958598574923
-0.0026933186656799826
-0.012995239010559012
-0.0037916339126400733
-0.007581671079861196
-0.008430157930718517
0.021651064206812006
-0.00201140673864953
-0.0038831985940555
-0.005011911682077939
-0.0035835206041906795
0.012966643166372313
-0.0011628097649522004
-0.008503886468462448
-0.002958996845344699
-0.010312548805779267
-0.006336439194820725
-0.001488607166558139
-0.0042185780077633045
0.045684061020000485
0.017377465923366264
-0.002622678263026097
-0.007844442478329843
0.08524274134652648
-0.005593596401588941
0.003760513114013596
-0.010372376862822304
-0.002917659880411742
-0.009733071338764334
-0.0027777747284433406
-0.009015205187093056
-0.0032062910728342217
-0.0011210452180490742
0.061056417945328165
0.035975121388312895
-0.002219116642061183
0.01863533399030282
-0.009312252153322442
0.014515590731431709
0.005079003117320979
-0.0037928522598703602
-0.012368567498747617
-0.00458316103143469
-0.0015606001086542196
-0.0021224711757094708
-0.01567913475429599
-0.006157647789416257
-0.011231373215760145
-0.036493336233894114
0.027499709466612947
-0.013713153393785918
-0.05248427578275143
-0.012559624295229358
0.03246585027481373
-0.01747587423572735
-0.004588414205360909
-0.021262617146258007
-0.008081131950180266
0.05432711355949614
-0.008920618590236188
-0.003929688912889557
-0.008160648868552419
-0.009054189386294776
0.004164834733507699
-0.0032680747234716716
0.01771591552279373
-0.005950242640996056
-0.03139248385050735
-0.015880184874653498
-0.003128592759439849
-0.004076016744871623
0.08481468864862042
-0.0007489036235516551
0.03364323502929145
-0.0032359236789883165
0.027980255258828766
-0.0015403989348007376
-0.007758476842192745
0.012087833677413071
0.02147265209069271
-0.0023197553155819397
-0.0005197897192073342
-0.002367138987852932
-0.0014081177257171673
0.05578607699864321
-0.0006152810009030609
-0.0009053919517270917
-0.0011223792033315048
0.009651283918082391
0.027297067922016187
0.007217508573988461
-0.002273746919585837
-0.0021235679022810626
-0.006840924670155594
-0.002982188039241494
-0.0007687726879369533
-0.0007249432335112315
-0.010952044189259207
0.010239724380946499
-0.008100410824140194
-0.01841603446834141
-0.031056825378708314
0.005783677042117328
-0.03624723706735378
-0.035220641988449757
-0.005958335438546051
-0.004700585770204533
-0.008920529197788381
-0.016017693386805
-0.015164420162541542
0.020410797948487977
0.06807030347651746
-0.011046835114763873
0.044083080252722756
-0.009132217303162715
-0.03003918515226757
-0.003152722498706328
-0.02804932973454588
0.00677586956399877
-0.04001361249692458
-0.019916409979004526
-0.0026605900616891217
-0.006374483153738443
-0.006429170721744418
-0.003303868229691696
-0.006044450907822512
-0.009046111651778634
0.012748141426236335
-0.005479083395518964
-0.014338804461486833
-0.016827772947736686
0.009433433620089048
-0.010235765000502913
-0.0033885627853101515
-0.012090096876970912
-0.006697132183057483
0.014174349374477374
0.015002209420534927
-0.003460524480353998
-0.003154691193541143
-0.003399389497418332
-0.012307451511721848
-0.0012099459032388796
-0.009151968580940539
0.01627231660164723
-0.022147509743624495
-0.0061462140574481735
-0.0013324746215057019
-0.0032088339496440317
-0.020665593593267577
-0.019968103716058984
-0.012872580356233065
-0.03434571958119055
-0.024937382596487916
-0.019356334092389894
-0.09159613688451819
-0.056168325328873864
-0.01167291443986273
-0.03649331024533925
-0.014319413330615432
-0.03624318480578501
-0.030246804029633003
0.018782158040869336
0.01969386342581409
-0.010629264988647245
-0.016899356022488002
-0.010913056233443602
-0.021788098381706252
-0.0036997594486685562
-0.02785314896839314
-0.012420108589062869
-0.1132201186393816
-0.027044706359032587
-0.004386500574638428
-0.022459622488599888
0.01243394282495035
-0.00754445646486112
-0.006451888636234275
-0.0145700403431586
0.020227927825630734
-0.011724436560911688
-0.02513971170036224
-0.013128337894812388
-0.00382045229266301
-0.02149684920501097
-0.004007225859491612
-0.008377337869661454
-0.005487051752592235
-0.001683870687388228
-0.0028968764124807722
-0.006166421077090962
-0.005959203018103861
-0.004653499362678777
-0.009424738224400963
-0.0022379078131401467
-0.012678942909520537
-0.011474308244890465
-0.0254206019155837
-0.008395931160269527
-0.0035285554091471333
-0.005680436437759378
-0.0020418161204931633
-0.0017826988240753241
-0.0012609633262406794
-0.002568027476865593
-0.0022377914930196093
-0.0029133003269727754
-0.007007521019909286
0.015042851126680417
-0.0006852972507393725
-0.00242669109373666
-0.0007677992005993695
0.10419377891965437
-0.0030614680042219686
-0.00037945221103725376
-0.0010115271359299515
-0.0017147978116586896
-0.0008592433396822558
-0.002204603535698919
-0.0037927450889008226
0.014211904261346152
-0.005195603004942888
-0.0011935428235468875
-0.005068198551460184
-0.001956960772888901
-0.0004221611546112409
-0.001697652713577354
-0.002911220478056848
-0.0028684864515985285
-0.0033722854381399267
-0.00678288187829014
-0.004966998958314686
-0.0033102859547769637
-0.013131397633525969
-0.01035128098942968
0.06479947195768539
-0.012373001115211904
-0.0014949137643437856
-0.009220244407146923
-0.007627645687644859
-0.0013251926675581394
-0.001994225087528845
-0.0017231125295606344
-0.0037887678516954574
-0.003119476837787025
-0.008704175155000894
-0.0006639110843574441
0.025190820283928408
-0.0035387506537850615
-0.01963473584905153
-0.003000386071256312
-0.0011008907897706113
0.053075032122510496
