-0.36563575588759872348
0.34743373693723267337
0.26377461897661402812
-0.24493097426057824917
-0.0045649129080589934127
-0.050508935211261818399
0.1515929727227629531
0.2887233511355131732
-0.40614041322576505122
-0.47165252347799363486
0.33576510391986968962
-0.067232932094946573631
0.26228008245794198761
-0.49789394664888925179
-0.054612805945198517055
0.22154003234078256668
-0.2712377787295472964
0.44527069555392229105
0.40142745761148357353
-0.46941001696644640839
-0.47455413900653914405
0.041412472793496579726
0.43914916277851057114
-0.11879576231178751167
-0.2834006028693865642
-0.077883424417282631769
-0.47095921242513200111
-0.27830833372696489603
-0.062112406349427884411
-0.0041877586181492953976
-0.26691554974242731602
-0.2691334584590156509
-0.28121896266231133366
-0.040396534262266359239
-0.21021838540951437446
-0.4785102947340910684
0.33757797566257286004
0.056454322652433441831
0.14229436293244557277
-0.31409373410528224069
0.49254341217606512071
0.35994652879528987732
-0.37911004019419353162
-0.16730481463987084689
0.2214844075832683723
0.21119176969527964083
0.43644058679945962886
-0.077893000038584736533
0.3300356932743270244
0.17030556641407101903
-0.19663148906708233232
0.087580606143559447396
0.38247900083185770725
0.34619741842831275314
0.0052838205796004178438
0.089002257982551680193
-0.46547416984865835898
-0.25726002645693230031
0.29740424755430283632
-0.085686000699225661759
-0.32699259842094902107
0.048798761388152978036
0.20304076206563148599
0.17448583050232724379
-0.12529697949835966186
-0.061038369955436821979
0.0084264882499818227757
0.2784426150001457767
0.020938417613145188234
-0.10674490503577388489
-0.010306479537741719543
-0.47042503603309288041
-0.45651270964347251402
0.20338208860383599763
0.4831877173096739142
0.093183730380057561149
-0.10640031362208596244
-0.32965080314431866038
0.0022385584334830843645
0.48207663753853424726
0.27052313983080056303
0.039617448449778769337
0.36028977892054958598
-0.26782387193698536931
0.013771663187637006587
0.45246738826826948809
0.077794807801203069708
-0.040868268089331583059
-0.23072052255857872227
0.04799630946624888761
0.4571162814602268698
-0.49429087054960701986
0.28365523261538982958
0.32048591192548192552
0.38617958082600822856
0.24050341183319634553
0.30913990087247955607
0.018678283523002048305
0.061357864778379012094
-0.073909320311849768803
-0.44387670247925953282
0.37001015517663982113
0.069999333876380243069
-0.30016057982285687666
0.0047204674288633396984
-0.015074887772265788133
-0.14321003545504423782
-0.15392208098184506637
0.038478795737844295743
0.12348945279750511705
0.11245246478272563628
-0.041853199900275528389
-0.47202501591615758647
-0.2703949687229760257
-0.32278874106141725031
0.084460870778441332618
0.36100886085332484221
0.29843894057742603731
0.29709756263549624844
0.31643737056069087821
-0.24470595991269400438
0.34174483227409602204
0.173113525438707061
-0.41676586219610206596
-0.48330936988444034297
-0.48544002507518763112
0.25558677525219819504
-0.25044077434657713299
-0.39051137270564056925
0.12480208415247628917
-0.15557713590350502608
-0.43048462146915261739
-0.3403744753061524464
0.027380399048012815655
-0.33185505377757168466
-0.22708556318131983831
0.2115899271852729191
-0.045298369954336059617
-0.17799823361267402833
-0.026228985829721052081
-0.47636542236801288075
-0.11344289523853007262
-0.079081320790924058972
-0.31196069524868702549
-0.39123830755458660624
0.3998185003560201789
0.010115980928676382433
-0.29090900744822983937
0.1056486400340165277
0.31703966837788688515
-0.47918189149071260813
-0.48213547917220461736
-0.35353825960065393685
0.21883547276178982877
-0.33977240737029529294
0.20460562785200253622
0.17817579527694749064
0.044702163578904441366
-0.27940025197732337725
0.47559451781788342206
0.29781085770615101094
0.016599516949392989495
-0.27680421975332919482
0.14850641809925635428
-0.10510199014170035214
0.075845962788056664472
-0.1787541906548746895
0.13094786127134694365
-0.44121488379350864983
-0.20139405037698659973
0.46790331015088915123
0.37553424423515924246
-0.19361337966675401523
0.35851440635655928979
-0.18963637264686589168
0.43928843213528245837
0.2438421186671211327
-0.083827737234974442071
-0.24764189772016459434
-0.49151973753633110276
0.37871789820884660394
-0.46208346940141936665
0.31941411061279723071
0.46220112518081801767
0.070280570245180196132
-0.32848290482228131859
0.36778106443499336553
0.47377523615969163728
0.2040231423300713498
0.0088737460778904875269
-0.12203116565639188229
-0.15306911543737827808
-0.29423824270529524982
0.17415301424686413512
-0.067049878899683668099
-0.30588135501481034106
-0.39557577715848463162
0.16595752827868259782
-0.20392732691684839486
-0.00020007776319835857137
-0.17465434512400362932
0.37162150742355515298
0.39967826963478114699
-0.48190701635952820636
-0.29914698855924054532
-0.17225929490373242947
0.48704971792802609354
0.28270037572937556369
-0.16090435214906623207
-0.28697020361918618159
0.17445506972376323418
0.33770107015396433336
0.43218747189362727301
-0.15615018520918017009
0.38239320246646357759
0.18711018215365737838
-0.015501277387505896233
0.48550822982579777687
-0.26535956512896147208
0.22546518624127243058
-0.41531976958351574103
-0.33030585820561236821
0.41098778350806786097
-0.28703180500857577995
0.25911618271644021316
0.10020883013224957114
0.34113219570585506801
-0.13189200059435085555
-0.15971476499801190441
-0.20878471258886527329
0.36741982358690272736
0.10398252889171122337
0.4543074571721898991
0.38726510471696273807
-0.36465402260454699013
0.051170474069216487223
-0.39572500198538634875
-0.46086220140308936655
-0.42680658116765141097
0.36616835736657205036
0.28811644872522634842
0.32850597146911353352
-0.15910253588341655151
0.11518603255903658855
0.28190360163275474115
-0.12196037116161256852
0.070781525599023287221
-0.27628592725123074514
-0.41825673764760623596
-0.23327635701826360259
0.39076812785530534722
0.064446833240197398673
0.42506720210847326324
-0.042230740958754620085
-0.22281723389230162491
0.28701466356032878657
0.32776815664572966913
-0.48761825551333332074
0.17041163902393097196
-0.40831687738348215744
-0.38489750157207264225
0.38506007037966105688
-0.45997646310983525408
-0.2603666351324906425
0.48815849860603266475
-0.078986412569732655786
-0.38444181940772664818
-0.33261656253866817012
-0.25857971490215686527
0.24400641653700838596
-0.39716585401369014496
0.41076441827933329876
-0.12172272945577383707
0.47026403652821058277
0.40922272815071125684
-0.20597641505145219964
-0.24658986395887322329
-0.022989904027732099845
-0.39987085604954791807
0.15205019948941722596
-0.46037978658629546969
-0.48949384848132765358
0.48258362655046338485
-0.20445013995108213267
0.096570643188441329663
-0.050155465369902174633
-0.186719138931072004
-0.43703520995235461966
0.41339201716594042857
0.46981327683811557883
0.46979650449646992438
-0.38863768987310803871
-0.28480672996390149487
0.11780688001155570355
0.47995288589007700786
0.042913197484715559504
0.18818980804771257009
0.16183442887534926768
-0.24091400814635494099
0.041602262912965537467
-0.19267888218748646656
-0.25361880391490770892
-0.4186312346162121556
-0.21921327643532445562
0.48337671721940245195
-0.052097759466704418596
0.15201053451267054761
0.14346608026984164486
0.44073452224900000473
-0.10952144886107678667
-0.1932157051484863497
-0.17275858531286675257
-0.18326485311439782988
0.34713476582621505262
0.39350024552160101088
-0.19719067032748366364
-0.16566659434923808325
0.044225414182184175083
0.078985436317083879132
0.095962540001004348333
-0.25490199610475133829
-0.47962597155374758762
-0.25624070017208416816
-0.42767246612858905719
0.051204754915506023316
-0.42908363246046549166
-0.42487020774547695767
0.13538209356305719311
-0.20917844958060433092
0.29218475788229236745
-0.0067389572498620098351
0.36264897777970939163
-0.3458204038371558986
0.0014295859466932903103
0.29498349374602395034
-0.42289301373608384482
0.44922794897293627514
-0.32675789162839635749
0.27620898298593554721
0.48489587114407251001
0.3215501447435143989
-0.18021599720699427172
-0.39312226541844014216
0.014358251055249238171
0.4193569392106879512
-0.20651050562933220833
0.39375879769578980838
-0.35831935297330502754
0.41048167439273408608
-0.46824005410266328342
-0.18393132223911706769
0.40308828371411242752
0.30385628098397188257
0.40715376699679728389
0.3407185222467378205
0.24618488540452221347
0.18959517930026459354
-0.32184513435567635442
-0.067361999023762997307
-0.34210305624783937661
0.2148244519688112808
0.16777873968554202211
-0.24741359220611652825
-0.43558580665233864737
0.46338588332157570893
0.30825262837239653102
0.049269931392519228375
0.041377651984980667876
0.35129266633137989917
-0.046690322377782089713
-0.10428955527923250424
-0.16133085510494110659
-0.24203090752822825626
-0.47559149717489573872
0.14643884400009687941
-0.083316117701590031164
0.070603631577722536505
-0.43767836919647890026
-0.1450565563137041214
-0.36171588604490206853
-0.37487098471450958082
-0.24088703108417192089
0.32893438098515814794
-0.10220268693512718494
-0.098917848079098591452
0.11244492299293895599
-0.26647034670414998514
-0.49252282695786570033
0.028701739886713206751
0.00089961955722661635093
0.14883959234085331058
-0.061683044358284144781
0.18651313065820063208
0.23142194916107183822
-0.26162532483797612537
-0.0049277492839890357779
-0.021173112418206574414
-0.27493791496123293205
-0.087753867082659142707
0.060407434487989020155
0.40693950450584825962
0.41770658383822223403
-0.22477463653420087786
0.14641517564258854645
-0.45180265663859614511
-0.42844861177210286085
0.01169170920020656812
0.37742407894648699607
-0.3405322692421688946
0.26602785879731216667
0.38300956937554642145
-0.18819796816469763767
0.19255696460281457316
0.348991122486575156
-0.1283856692524350529
0.20128266290780871817
0.23641811657531819346
0.094577804840901502637
0.3562771389130047206
0.39660437111634883056
0.46007881696485908307
0.071232694217545522442
-0.32372410479352459189
-0.24940459112262064467
-0.28238131149341688664
0.069517349597794320104
0.25775011466643671376
-0.44786677885781350783
0.18163645560746821683
0.21715326336751072933
-0.15201849204319223263
0.01505580429334185677
-0.33520184796882507294
0.22989615048699862943
-0.45929131266345107898
0.48122105814815896441
0.30794373344767034251
0.12844850198214075032
-0.23247375535288822279
0.41286289009243193338
0.45943883787707151534
-0.36087384097852898135
0.27575725031571562962
0.34193085854352378572
0.15971735631398253918
0.20040776641673052616
-0.054941267885488309641
0.42430780262492806543
0.47120752819628131114
-0.11764668717982545987
0.3027115308003568428
-0.067078408619463625318
-0.33524578131672616577
-0.17453272314273599042
-0.37366992516515745715
0.40888475990270456428
0.45942408004414381217
-0.38081326759412509331
0.10067908118705848342
-0.091775902291416799894
-0.38190996899821078037
-0.20452448518818294732
-0.25178362891935185397
0.24957681118975671986
-0.49599104404595401041
-0.31016129606691628107
-0.06122692988006300796
-0.47896532691412868621
0.12752658853748044532
0.10562753857850415429
0.33533235088286383885
-0.29339418431481528726
-0.21521838643841112448
0.042339430752748596909
-0.22677430278706806055
0.085738083402958964463
-0.24911777054999079128
0.18352715258595730941
0.29109071836800193278
0.30865462016380740273
0.47361610954984689759
0.045377003825868844622
-0.0091907201709856001237
0.35569769979864362952
0.26906738585937928221
0.070544629387035207024
-0.11674361523373616434
-0.21595255426644072161
-0.39186079126583189813
0.3075490893732804043
-0.38192846946933439733
0.24726523468804351147
0.045287089768145993851
0.46494532878632788275
0.2610656598531885253
0.47351978458005383743
-0.3634059870601923925
0.00037147383188651517116
0.072578287165454669072
-0.18874854268752644382
0.00303248820649759665
-0.14318123639665397695
0.028393971351443503259
-0.49915528205111042714
-0.057685667887571068224
-0.050447856260741053003
-0.19520081177878861878
-0.10059725240345934738
0.28308731117199081861
0.18341288396280286399
-0.00770086710829015475
0.14766824184218307892
-0.12244178814898692975
-0.29608594956332018322
-0.49612434212244421738
-0.22237874839057808485
0.098164198713660999474
0.38166293307069609764
0.32942124998853006268
0.010960207871193117235
0.48701814504942697592
-0.038419026130196598512
0.33459348616683826094
-0.09103465871902877149
0.24463061773873162608
0.48759169122268164465
-0.19466340763202377717
-0.32968717478671566434
0.12003370872766083721
0.030956180374034580893
-0.14057796801484595539
-0.49648075790294871057
-0.1108373583901956505
-0.074130527896339837302
-0.094747928261680935957
0.36124530897755047221
0.084428027082131928971
0.23383079245316784611
0.39790917163711037041
0.24877346357513752118
-0.0072979480949530439737
0.245768340286846243
0.14035540049526373796
0.14874543466334044783
0.1296753586886548737
-0.093001025011507143514
0.12926203128758806393
0.13373251094562754737
0.43711795953897769618
0.28247368537082295781
0.34626806660109066272
0.26749979014257219134
0.31532586199102885516
0.10546239473021079558
-0.15054991161331626737
-0.23541674168186360605
0.20802002706482947136
0.37394207481319030606
0.044246757802880121169
-0.34793003304249975338
0.33297528519742825015
-0.015456921088532304953
-0.032897371721815671375
-0.45461194015428069148
0.010280922790095847752
0.24474766545471715595
-0.077402188854260034478
-0.14482268641144852017
0.15684353889885183087
-0.48025861260191532454
0.0071635969746414174253
0.4461270955326195331
0.19044759193847649037
-0.098076271742787379804
0.18890823629346176205
0.10499391931595858374
-0.29111060851743225664
-0.29229166927014643695
0.38602528969902860645
-0.23093078979436926224
-0.4251152224898708254
0.33067759059622714446
0.023197767576463079742
-0.13179183402704724992
0.011518922132633058197
0.23672568835126139852
-0.33144639211240217724
0.1530669982365252535
0.21343699839984098254
0.31500344392837786867
-0.23023936632386160506
0.10966633066419440024
-0.26788612162650277115
0.061044673619535805287
-0.32763702807110545168
0.28976762488128116058
0.36671786465049960313
-0.17035643967947139421
-0.27768143818700657954
0.46378841705583206956
0.20669031325152098511
0.34379262224465756415
-0.46946552506259014992
0.39939331165277425217
0.1224520608976366054
-0.18347084575893252145
-0.068234377107591781542
0.26159299350102604986
0.28541195593097401506
-0.31009913181856768594
0.12588650533798007025
-0.33437047249784229708
0.47304983123501076481
-0.056423443694165797968
0.41314500520328401034
0.22824784478679349675
0.10625990439560828449
-0.23801596865511293055
0.026592322904883225476
-0.36138025836301418403
-0.36190200676120659606
0.21574976623565977896
-0.13891023166655108723
0.25137631148663164282
-0.2595063960862386554
0.21815814231477048679
0.21847692639677729343
-0.19450411894748936836
-0.39361456612035855551
-0.10299214481286583789
-0.0076384996726637788278
-0.40002578530221560849
-0.31323873963221410266
-0.44465694718451947987
0.097513571555043920824
0.38887612337191612699
-0.28344220904037814579
-0.46528656412318020186
0.20392359441918284091
0.31491055878968510218
0.46412158673388970165
0.11317895682370193722
-0.15755683434810358046
0.33786861803065559862
-0.38193289478687769689
0.19263693818962668303
-0.40476915074836344877
-0.10029425298260113975
-0.0049771185978210730205
-0.12210572696765892298
-0.33140242119552026923
-0.26828268739777244578
0.32014999749989436761
-0.037424195207510113637
0.07993274472350986315
-0.28809298238384045687
0.21493505878653318408
-0.16988274085273630254
0.093618587486040794055
0.40948706279581559286
0.49439340888598837243
-0.45378205168685442628
0.29744271192869098375
0.35758782536088251636
-0.18042556279279436948
-0.11685237401788223233
0.080253759676333080719
0.41884023097071254593
-0.10007140666195807333
0.38003016877341178059
0.25856052820417563254
-0.34772692029377444412
0.4136799203638492628
-0.48481894741004866178
-0.35482174995312515398
0.16481121288668743041
-0.44288031336110750269
-0.1205101143258164309
-0.37002114147306647274
-0.037110726146743766574
0.33998034375460106649
0.40608435134918607901
-0.46453035967811490137
-0.43914824333113539057
0.34062403536532259718
-0.45718521674438844515
-0.22640973492865495986
-0.38256328230716346583
-0.40896229304290615536
-0.47237711027516388063
0.13751301266485249641
0.2446142679398566333
0.18677137655867626087
0.34562277191822621258
0.16301618849869337069
-0.11029807232465610456
0.13106302371601130652
0.46959480836870315379
0.14160333302325256444
-0.25690826590786980388
-0.43981590429004274734
0.4351659997400952884
0.090495498294208442935
-0.15038525738959113154
0.10535274966103091998
0.06025759606347347308
0.022171772786545695944
-0.43919535797054326531
-0.14677244762386515431
-0.087349977060449057742
-0.3006316593911619317
0.38010523122850703448
-0.07588022261917054534
0.16238566540244481207
0.21354644944589584732
0.24328306027250534704
0.22111529091269854774
0.25220850163909946939
-0.24841930584923571645
0.47640367669289673813
-0.34899024621613988772
0.41864739509930093408
0.354568775207562914
0.35216429117996761455
-0.44718874516246603923
-0.4087819165561004664
0.31305580223232187809
-0.030833173534812019501
-0.12974680886207429209
0.48468747222935737451
-0.45988206471035991685
0.031465053805604825676
-0.056650223849292802303
-0.37179687697132229873
-0.10481173721401254584
0.20764740481050192322
0.38231560920240814649
-0.47538028853665653672
0.024509558603089121043
-0.40962340496474153317
0.30039345715503484868
-0.41421472056329539102
-0.46580667898286159945
-0.11576379792271135338
0.23260617450630005631
-0.18679330695255241812
-0.36999510034695243244
0.29457222208517175321
0.30691938189518497282
0.35585979877257212234
-0.19625552673594309772
-0.075169638981026409841
-0.25461000574574649269
0.057177493016506097945
-0.16989283321025211437
-0.16133666404098173652
0.2836214184097365365
0.45629616004022233167
0.084140319236758465138
-0.39531206988004236047
0.15257493268461053137
-0.051388282151919761898
0.4880305570263130388
0.21938149514798677142
0.33478610650720896924
0.20128626018821205168
0.035619005786391766399
0.39681839182812539413
0.33161706470800900171
-0.20867411238567096232
-0.34296810477991251931
-0.12964813121230506221
0.021077672572585748334
-0.40261991016937120902
-0.15462071354413958746
0.074905664211979972045
-0.4564253814481486482
0.31494867651882951787
0.15111704568327799514
-0.18634982841023634004
-0.20167901874483146196
-0.14738385921217950214
-0.17471130379485694251
0.2485137769587532075
0.0010568574712526146442
0.026128397299825967259
-0.35124350102908336035
0.41441800241772619451
-0.17442707132766638312
-0.17243554761178797596
-0.4311538603021669025
0.47941158175179565681
-0.02030215819074104866
0.41288473728422370179
0.42761724249748345184
0.46975214317834168565
0.31562928773151277539
0.42544322519131272387
0.42228932365005789062
0.30136767816618525995
-0.36541878395731647311
0.023711722285840730606
0.075604013004149206445
0.49249752798615786809
0.28394854996625273902
0.20291621665495540583
0.24664903684443872933
-0.13842223591652308423
0.44231355784021675337
0.14350088961522877717
-0.097425391469983246839
-0.035428422702391382249
0.47975492731073254848
0.032128397431538169293
-0.33220246412551163173
-0.3516450058659500999
0.18724219665774766153
0.062775530915018529221
0.40680626118750429221
-0.31539965595062918746
-0.088891186273129918494
0.22796021863597837331
-0.44989496609771201241
-0.4007775934145147434
0.045707901428020614176
-0.23427078340457513361
-0.39306240376573248207
-0.23830243150313773492
0.13214108773482091674
0.026377436824382760605
-0.42150323945916906565
-0.42718855444928821585
0.35062699181870160547
0.14323896049159468014
-0.32663274175318895987
0.36183406734533474225
-0.47815061665803831881
-0.13189520761360823409
0.34762973700965149604
0.21027841275522252129
-0.21624759420801059617
0.3912814945011249268
0.098078001242990264785
0.3654933191750927568
0.39279337402598346607
-0.074555922655808404276
0.17560033773750249875
0.044476314728130295073
0.44473523787279023445
0.29816074283538895884
0.22581850046435802959
0.3140323746264132021
0.49815995228516063431
-0.24343881452597387893
-0.29863636934548726254
0.24678281345954766746
0.27033251062569430001
0.014283797711669654618
-0.012924186316036256894
-0.096256929517950118314
0.3826969303940860323
0.29623187764198399829
0.084597598206975432866
-0.45988091564307903569
0.35114159426005053799
-0.041546322357645271151
-0.31023947178928573676
-0.20064572471383562702
0.19133447589038676817
-0.49449292167445685342
-0.37995535267990160344
-0.19734636312356629295
0.3871913551832167899
0.24686043944621094415
0.4707917256397661232
0.043028739430366669261
0.071968227578637522512
0.051376806814274589286
0.025627213801716730579
0.04204057112057590917
0.31856755112699730592
0.45336873470145966358
-0.091699230650295671108
0.12996524260237418691
-0.19224059244601227059
-0.19808961353492976487
0.0063173505975552268765
0.086267658623507825766
0.049994466994025765771
0.47657970320099818373
-0.33702876230520179002
0.13666441298727549647
0.49453100878132871809
0.23613528655132898226
0.065908514233304460461
-0.13163684740015818564
-0.097861116516925583664
0.4365230922325852303
0.39533044957379548379
0.16967628909893861522
0.39874789186177284073
0.42516364969336484236
0.34634356949343048093
-0.11658380725327727179
-0.035635357559043068232
0.29590750322893144553
-0.12736697021248438721
0.24936380872320529356
-0.018579618866479130634
-0.16345869460360090697
-0.043851712319775970617
-0.38349054393377807193
-0.14550324421603050284
-0.084805569438186900744
-0.48183642331507320344
-0.32792602617999438985
-0.23976695263560160454
0.35788402801095464678
0.08957713683066537147
-0.21285509355642279194
0.49772669682585579665
-0.24207939998019895045
0.013788337165690389696
0.23951978549922858797
0.19132054055985125984
-0.066497315943960744189
0.27699769224204573437
-0.01420589375895059403
0.21546506754771610481
-0.0086234588224708974558
0.47149468512762027217
0.21617994029166243131
-0.40862276357083621159
-0.37052987362340378263
0.46651479713323218412
-0.27077162466819976183
-0.47386395109247408941
-0.24677625182484969057
-0.020212942550303203415
0.45216856225544477255
-0.10087009780362005129
0.22350558778222640033
0.33436252178993819406
-0.41083798238868990405
0.11189195480060776244
0.4957843575691611715
0.049595968561449432777
0.034486177726680167233
-0.15329746121887272148
0.44610539564184714667
0.46959923897712774199
-0.39683015097289603412
0.052833860211579763977
-0.080370770134706781551
0.17164616093874662806
-0.3813533634310536935
-0.23466570910398348859
-0.22124662116883903051
-0.02028706069945879209
0.29328283447148750795
0.35784751212354837246
0.28642364005908227398
0.17680683466994628894
-0.41280724207761038125
-0.11028292682924628609
0.16870162224242768456
-0.20575221864909404301
0.0078183971193535040101
0.40507836187692503049
-0.38384296293473790795
0.35387665390365419249
-0.39417032786359246233
-0.11363556523892298644
0.40538940356961061795
-0.2987999382084352562
0.02074262691743322673
-0.083395967310838037267
0.38794728320203153427
0.492064696078863828
-0.21140743889711072212
-0.0075234574551707456003
0.39500515021534643445
0.044795676417948238068
-0.28537506022519126825
0.25966231244472215423
-0.16291070087963338553
-0.014025627800379469878
-0.4914380926059473409
0.48896704412462166367
0.15728236248253724128
0.42581284705668631663
0.46868528208733106766
-0.23246631729275896161
0.04053597618231075117
-0.059748766572295164412
0.25985521751785711775
0.34238566533296277417
-0.27143983909477448213
-0.22543533690022182769
0.20626154725513856647
-0.088356948283785319287
-0.36979846465352056439
-0.30468941176147862349
0.060849313661650028529
0.098494447048721900373
0.46007157160662037754
0.032779953140361972608
0.1089807637733640755
-0.35114524553817444419
-0.08619808204351203651
-0.22020870834479516764
0.19542283792642534124
-0.23294274887944416141
-0.28559968993992984609
-0.13231560141588222246
-0.029450943755637670751
-0.16160502898574774511
0.10573215603021357545
-0.31879633114332767141
0.37991029456665370567
0.19417136498625298113
0.034763218085687941361
-0.44183772426883544115
-0.17399336003898463465
0.19010736893912660861
0.14506427765941753982
0.31195417783311141235
0.39150854358956810319
-0.18463363034615171143
-0.00626931726629315067
-0.16995838941330393412
-0.37207773411829242471
-0.35988290832676922415
-0.24353055488297464803
-0.41197123650265748962
0.03882553301026703263
0.20292244143807147694
0.063072593302157975437
0.18476674792272951287
-0.27375199226096008642
-0.30059565228956358629
0.067574848680977073201
0.38428559383648008829
-0.077735451402955069167
-0.49576335568883139748
-0.47994839532879024491
-0.19469540698671289336
0.11537423148949788043
-0.41543456358424829533
-0.27548965602984604173
0.1806905539754960488
0.48499194429235725767
-0.15892719276939132333
0.10113898455176728586
0.018429833496187097985
-0.47687522231298412612
-0.17016558835638134761
-0.3605588219061450217
-0.24917832092486585926
0.26998098301350348382
0.18120257984107879246
-0.45897707084565103619
-0.42262487790122554854
0.22492922096534373466
-0.39679030105481921664
-0.18298001401907043606
-0.230662371742524408
-0.45023348657968015329
-0.46883002610267893173
-0.36096521522282193351
-0.10067277124481505135
0.43370573014058988459
0.1383781261094081394
-0.25793900270863417967
0.1796441847743212028
-0.22636681044129397522
0.015238016010762023278
-0.17817231298274255336
0.44867090964475342396
-0.14763747957846323766
0.3035628034992964297
0.1411929631543360486
0.34332557861432366764
0.1061603719535074708
0.37038498573809719439
-0.094837016678802565917
0.17900269163134696626
0.12063716147373837462
0.027733709481251200835
0.064439977844961582321
0.035761981710027201942
-0.10622928067225806403
0.39831938758039864279
0.13272940592968041074
0.049123072125940914212
-0.44606094360283449207
0.0085281141837572072006
-0.32485327690406523571
-0.28497678118026364968
-0.065387731235519941375
0.045956820398465603184
-0.2495878671196629095
-0.22906561982010570366
0.030146339995748339113
-0.026765926733067268994
-0.096712516927176916948
-0.39624647986206590344
-0.12652234681639978886
0.15442126227522134929
0.044198940419721943762
0.044752713706247670977
0.34381811175093623945
0.22316304972287159814
0.18458924130218323789
-0.46958633796091625578
-0.19187204207862179617
0.18241231987037620499
-0.34422722403446665007
0.41347304418149066763
-0.35807346048490368284
0.37912144382926615815
-0.28373164322919036673
0.34158975482728026751
0.34822968220249894689
-0.16453528877279804954
0.38859237203257657178
-0.34023220721181796078
0.34910951402124568155
-0.11826545124403992082
-0.060282398718296936746
-0.38214021938514025623
0.1010052647079792143
-0.23024417985012807231
0.16687930142100870778
0.29938794403427881896
0.10368402267330412148
-0.49181519048452920773
0.45233523852898449569
0.4196811677159858478
0.14293532172275613679
-0.12049365232148318006
0.061913765536932396927
0.38281206861990013657
-0.040471195948375726648
0.27921824479068735325
0.098558900350699585324
-0.077720774143466508921
0.43352655597138489707
-0.09156909282405817363
0.10577912227800267964
-0.44672571048746506639
-0.029236132061930375503
-0.46258576478002205734
0.2041328675848594898
-0.49940975895384193128
-0.45793443298514829864
-0.38887438485479858263
-0.36042510322895665587
0.0080783647537447933473
-0.14371160007246447377
-0.22909668994749848858
0.4836236057298181068
0.40899991965743964784
0.15486233946992467025
0.30208696778054489052
0.31970836741829100625
-0.25482656115639906735
0.30828606055522111973
-0.26018837760731255981
0.062356561064485394041
-0.14228299355509249624
-0.34134080174264896934
0.27685443342163051916
0.41634166765253499687
-0.18630144430402978406
0.37976253574548091141
-0.15374390592060377392
0.1575553612841176232
0.49578959419103507678
0.27207073506402423835
-0.44433278875833487342
-0.065127332397287462928
-0.12369674176913331154
-0.20606820468673886504
0.31613555059757803001
-0.058979803337217584502
0.19924029885277083629
0.13493113673959500343
0.018995785298745904157
-0.44396877779441196177
0.173035249959688886
0.3913830854970470341
-0.3278005678725695593
0.14274441917169644611
-0.012560651492946217633
-0.15901541890595022322
0.21042671890170983051
0.47519896613643308747
-0.47833531737136864015
0.39730575836609405282
-0.11676135933695358515
0.33384835685114733206
-0.32528861316111251645
0.21659159085008805601
-0.40030351096128008459
-0.1643898339951432308
0.46990867949313286367
0.15661550495901910285
0.28452376035450033243
-0.038694569893285069018
-0.028833028900996870991
-0.0073748554927968723582
0.27315529184920939176
0.22324980748272704734
-0.30623189783102872097
-0.059395608314439962694
0.042023920419888560751
0.071428645314855043758
0.42677094240826884963
0.33974717650722574547
-0.35011876365585387072
-0.12387928057747304988
-0.39102749676250553312
-0.47377617916165576384
-0.42541404112167874318
-0.31703446463646606235
0.26607717854542622948
0.16722142325371491811
0.29787097733425094148
-0.21149658472867022274
-0.34448898468696581565
0.47210026923271575239
0.32602491308551362348
0.44678206931492925325
-0.48121292543089927429
-0.10345251999146215516
0.13379821706326655573
0.236074580199555073
0.41265061667834668224
0.037731794234423743362
-0.1092076004173586079
-0.49467598241475568832
0.30386324412729115441
0.48215792643256649708
0.40724644183296621058
0.16226850583443575005
-0.15752453608510402772
-0.26084974351482598243
0.27501968694000344939
0.43542936859918046633
0.46032609165421467523
-0.32439262140033203741
0.085352748793163790708
0.013118268675081257157
-0.072574822338947020395
0.294400692287501764
0.43578238424406978702
0.22462482147097051488
0.20030586051962817606
0.19061451861163403176
0.15355670450783920344
0.03675398288086650922
-0.25208429695544315452
0.27947701860179707811
-0.38090656275292761324
0.14388816839715434792
-0.11301268570359540577
0.059962541569701710564
0.14143634449692987776
-0.021076470278356074228
0.47809411226568576669
-0.26080694960537792459
-0.48783166691026785822
0.45525798841776821124
-0.1879922787366111181
-0.22192742136912496642
-0.084440952787562306714
0.094966732957969424156
0.48611456574250044849
0.20752468576076288365
-0.18167978696078551648
0.034688276324437938847
-0.051314503013478784954
0.0015871137607440521933
-0.08239180182054733903
-0.33238213733671656547
-0.10451593474637693726
-0.11091090136486153606
-0.29928058016751674097
0.31691867320560462851
-0.1400090759382815464
-0.34851360872795683621
0.066874319907190504786
0.34484341126052531212
0.28056107253550099934
0.12204026493179409574
0.23103800684603748028
-0.16388542258469324109
-0.35728854493447786966
-0.24499033948574838737
-0.15064635586543090318
-0.22086622889735857411
-0.032238595087318244747
-0.35096766834068587881
-0.36973821402480394616
-0.24727613310578916428
-0.3034963080997785112
0.3017006261598003114
0.037556824225384977112
-0.30158877713224269135
-0.070782894521133121746
0.3719155657278634397
0.077612147772259332257
0.053914252374349769248
-0.10868192679041860371
-0.30416256127827095979
0.12540508758086754693
-0.42285059278398212657
0.28618994852376855587
-0.44247514731987819259
0.24634731117924668631
-0.11737085567970501065
0.18241143329035258702
0.091005404270470657835
-0.37082432454311625714
0.038502101200443505924
-0.42583245093029770123
-0.25878168754339564428
-0.11833108857700930239
-0.21432883141628106261
0.16175935207983549446
0.48683468548339714488
-0.14313848503635678844
0.33859709783124447569
-0.27490065769969501686
0.2093308876738104729
-0.15227963408736605588
0.035363326160378849572
-0.41141663853612048252
0.32735321893494662149
-0.29116486232444654947
-0.036547250882522253068
-0.20970420687987884056
0.31020295338385051043
0.092594728641503531996
0.11518493572348620368
0.25474856379324939404
-0.2451034365716581731
-0.44175182989191646987
0.32855537370781007223
-0.18439485013558071236
0.31227112660086819851
0.45663941594454160455
0.12919124828189154641
-0.39670801078887490965
0.35398713078567756174
0.13342812349274368877
-0.25410079401233226504
-0.29212797057454026328
0.007721315300630693379
-0.37843415206565617082
0.40602008242684106687
0.20786219248305892737
0.31928218116774775837
-0.11617947622497898363
0.42319130537990734542
-0.36604523052354970281
0.21625005139670161469
-0.24539597537317908715
-0.49636837305344189142
-0.3791085346891099328
-0.29845595370123695345
0.26334526809090941235
-0.12195004028788997141
-0.017969358377184108111
0.11358183049163317335
-0.23233962775984390303
0.13843358433078678527
0.17157193027882045033
0.42136915441131916893
0.0028668212377829238591
0.35528612442644746938
0.46775172109670892784
0.26889541493082047552
-0.078808163117273399845
-0.22802020241338066819
-0.40226812162037767218
0.33102681363963082362
-0.37039998034646920422
0.059512898444171291601
-0.046069281147508911456
-0.45515358084100759894
-0.28566223089441183935
0.32289658285769351487
0.038659615981174511035
0.42439462495036328615
0.40797398420782182704
-0.40597244294648221485
0.17811681141030444309
-0.45734182114598626034
-0.077333429204200443419
-0.058225056612558001579
0.45687273273781703331
0.095317501589655795335
-0.30999939257392700176
0.0097473068893227932108
0.021828885082501470194
-0.30292541360319752419
-0.14026864872399819051
0.37749463756424672667
0.48147092578667460838
0.27686631668018235608
-0.43549849583925953622
0.40587667414395867116
-0.041540562777222789226
0.33405603923357729546
-0.32322012714089826124
-0.35231535245629902464
0.40666228486993349911
-0.21447655954095629083
-0.45694457304982422086
0.0010482003157989971953
0.49056845803534154804
0.33549806151863048598
-0.10370036146055933157
0.49307341426569395448
0.29667019480257672548
0.34206586757630885742
0.14610695318355171324
-0.10561866858662943836
0.40570973867320658801
-0.029370777599338870889
0.43464216626498219931
0.052191070822261154127
0.40985746586148541493
-0.022843599189626806467
-0.073179212923303704752
0.088682314373155102238
-0.18268953416332384121
-0.35060238394045911692
0.089332443146008522206
0.35096292195381129098
-0.22222375075618300277
0.36502141212784877666
0.28712896101826768103
0.27567585826651275216
-0.084869813986007180961
0.49875651687260591505
0.29087823646985300208
0.075648796422279174223
-0.38649003180163060689
0.073815491270641464538
-0.4856187991729188913
0.40220868834886813747
-0.16330274244484616064
-0.13165513612116769293
0.050883181649904907218
0.13746402688442005413
0.082727067725083092142
-0.015074782846683232318
0.13435524019421141162
0.34714226081660526368
-0.05379060406623142887
7.9377882960751655617e-05
0.31034692037168920553
-0.49659393040393068341
-0.33928950198101154312
-0.17497006534895870322
-0.28606261204076127713
0.39600994870218442223
-0.35178377785097997288
-0.39211323556321492356
-0.18279903481308718005
0.0086407543782813789335
0.3214808580281752759
0.49565108374816313486
0.35186968192289580504
0.1088375998175497017
-0.4623980990726938578
-0.43653550917245992347
0.13073607717937452133
0.3198823093654813432
-0.23448759500237009723
0.46921900955624018525
0.050387302665828803683
0.07377119947844301695
0.11862191620082040977
-0.42508580007699775516
-0.32961186092794297897
0.4361922960907023139
-0.23270478536339062048
-0.41670695598217860622
-0.21757106072578397127
0.22614618123404484074
-0.23719142947456589576
-0.28941833154241863868
-0.22287059782665591401
-0.019578382021810003533
0.23754909271112356617
-0.19867703476995496326
0.37350962170060086898
0.47588241997292768382
0.32201636987675963386
-0.42487456239228899024
-0.18454143151890195496
0.42578578960929991393
0.35938439902792851388
-0.36674670848807927603
-0.05777565528354705604
-0.13605757952439584413
0.24746966389781532847
-0.47129035749075715023
-0.18452303545552511954
0.24977959069469590769
0.38687017229944986596
-0.45937365511895328352
0.088353430495131224376
0.16360854826442827736
0.37291686628657771951
-0.075420571980098272125
0.47304968463767216313
-0.30257421558470259937
-0.38523738393603429442
-0.36995449681743780568
0.086723778443340004962
-0.37755950002711341495
-0.23340318755557104557
-0.30369834764742215105
-0.44470633297185263588
0.46238326621146907947
-0.16507462466464167816
0.4640157641060344007
0.2232340153655418824
-0.28023076112855910269
0.43254667993932849335
-0.49064800132848401804
0.48165481901721329816
-0.46773563202925388937
-0.24668665305759635009
0.051957197784391451201
-0.49082223899595794903
0.26471181874997207206
-0.41534580644738988697
0.31708634773876953616
-0.46489564369730201898
0.028157712521046596166
-0.29056302873052802793
-0.21123593119516620442
-0.0095155871965471594542
-0.12862202283070128805
-0.1080199409689868717
0.15343047733216319539
-0.30475861136376830585
-0.31849876651520808712
0.18439400660289972933
-0.20303714308575177006
0.43295518741951000141
-0.073759908872371993116
-0.025978882882912890384
-0.4768297561456257827
-0.47934447281036335342
-0.39523216590912496615
0.12562809570106747703
0.16454340979282733315
0.45219755802990502236
-0.067530566250420920316
0.20767056630698654818
-0.15639786169759622991
-0.42593806500042080687
-0.079814551805752975699
0.20162433023915904418
0.30422382425022453933
0.45198359222696371518
0.33217293477017939551
0.063614388260494258986
0.05036598399160630013
0.001095189564847109942
-0.022393482923750929192
0.18049154980765946821
0.075706294962893272427
0.35716182565693910256
-0.049925844343581549101
-0.028825088103293927677
0.3320793007930175067
0.17563626780659635784
0.024450997274529484571
0.063446505106564465848
0.30570404526907490883
0.1073820035137985629
-0.24084959733944183435
-0.1897567882041068521
0.10460496513078498815
-0.45415190769794983039
-0.042423639762870279935
0.39190686013949804778
-0.26785619923483766636
-0.05584395521024149156
0.19950458762049172456
0.4255037779777602891
0.19627322247996037419
0.1258303757372136733
-0.1161050359731136683
-0.062640718711538478924
0.14194693499224031452
-0.14368011153094012444
0.28487128701443176215
-0.4918093811288153927
0.25141761855115818403
0.24204675893507798801
-0.19355994180785468517
-0.485039216842666987
-0.16184122630340275206
0.089185818120550264254
0.28694707024120669203
0.37036621607647457477
-0.29143683823505855957
-0.41826316469430097067
-0.38011387980370320294
0.48904830083993744427
0.14543668230079354053
-0.37163515552094600336
0.1907652563921264921
0.45947785235688831662
0.10743706182226631096
-0.26742790619129969132
0.46238952609934713678
0.20055337764053704497
-0.3170157465671888386
0.26621793029282925236
0.0041746404010077897695
0.074042988127232423068
-0.13421276731405257232
-0.20624847428488951584
-0.079563424534056459425
0.02640222737970998601
-0.038556986967602513428
0.36626564605477462955
-0.42579446032436157887
-0.30101068759181232037
0.4375052245826047681
0.10785806955563537191
0.1175297889169927279
0.12974994051869714884
-0.25650486563779267835
-0.10532077864288930114
-0.28985158635769830981
-0.34801676332885950194
0.48951226695816663081
0.24381410866066999255
0.3791372504837682289
-0.49853676771620319963
0.20447098230891769255
-0.19273793366348718203
-0.0020892756366997500272
0.17525142540325533425
-0.4688131139273319925
-0.12924068095540702794
0.053895476027530309082
0.37437821776563706688
0.013206925166359240187
-0.18241675988543321063
0.10376073503134652931
0.083611925287700006315
-0.20771123610138225724
0.04805170493327259873
-0.22387712128807862877
-0.48870701460549254014
-0.18927452152778162509
-0.41356915504706343034
-0.0081087491291314539588
0.001148903523144895189
0.3702219322743176555
0.24790663006407354096
0.24937797317998244839
0.48964442258263862762
-0.23532203259487921576
-0.12726441186353848467
-0.26944287080906109688
-0.39751318397432761076
0.015229132132049461035
0.011328400396286353313
-0.37027507057743352936
0.4225410152101893857
0.47850342753737518109
-0.43169416324611270541
-0.49682899808558428356
-0.43820270580842174413
0.23173042175036173695
0.35252139733015908085
-0.43383340496559824606
-0.49103771124127854053
0.037946643971874305379
-0.16728861790039245561
-0.48126209816695525445
-0.49120075584181360773
-0.28864062973142717849
-0.29989021073086080671
-0.20463686003006537062
0.05066575498518699483
-0.24862030231363191346
-0.26648344708476118248
-0.28925114578416472044
0.38700102314182682761
-0.26140866450820782196
0.055330162499478419136
-0.047366596495010793166
-0.16859504337097525051
-0.093239835502598344963
-0.48400875506888013655
-0.31495215367068801759
0.14013906638083517553
0.26148735124507005434
-0.28163017910053583792
-0.32347039651732517607
0.40569259081808461964
-0.40221977935137959159
0.29486043985082999175
0.37805190478619810079
-0.35370117379114823786
0.33297439249735438782
-0.34994330830173098201
-0.45689303615978954509
-0.21376659004550796483
-0.15567673699325884629
0.089540199110406781813
-0.057478240130623248216
0.29345704784846260438
0.16476688671940731279
-0.38080602096431509507
-0.29763220210340007865
0.24616292661698702116
-0.38406485999060097081
0.45263536860255626504
0.31155992107428243099
-0.2801634152353097984
-0.21388858769797908232
-0.24787509048575223636
-0.077155948645312777412
-0.25136035887456859017
-0.46773699131656437666
-0.24823281344053677033
-0.30520125235791956131
-0.1500758129564096488
-0.045735241737611398438
0.37431221397518255056
0.15955597063340609676
0.115482228863605485
0.36452901869199316742
-0.11346655272410383075
-0.073906101795027268064
-0.25550489997853748081
0.33020206905414262177
0.3773606966711957611
0.41082894190118290911
0.10492650158055671916
-0.38616175770970356806
-0.42773132940443886474
0.29753450629556466023
0.38546604124396177671
0.03226888406136241283
0.4207674262789277142
0.43077288817642689356
0.25475107752972614428
-0.12945542179601815524
-0.043658060100911277868
-0.14811592313728688675
-0.10395014317257428305
-0.028684634631592598186
-0.48288962714159006095
-0.37265535218695217123
-0.33198433889290107635
0.066815161159316405204
0.37160936406648981123
0.21139581297961562711
-0.35050484413705046416
-0.042316066884288960903
0.12730419749198285118
-0.36480896054867822942
-0.42031114688027521042
0.11203832368465538316
-0.26457162681257279102
0.14505740489969176643
-0.32845689149735551871
0.35590516383249770627
-0.190259679576287144
-0.071641198143219286809
0.049966255972249795647
0.3863479603058068701
0.4163774259941546152
0.34479242679332788857
0.18451596286775684419
-0.43081221219072168838
-0.31321055829837013418
0.034606501720645166387
0.4851275238906826992
0.22614651139839081484
-0.30833637975549593735
-0.14400278974044505853
0.46246484939815990511
0.007745995628781310316
0.37031822171287309686
0.35799510666216627364
0.28176618742646653004
0.12704160668143804624
0.16584346722460230339
-0.15792291124022889148
-0.3795848177028141035
0.44856082182712864181
-0.46736968325779287836
-0.22911503996512233572
0.11389596545400670902
0.46493172495327506066
-0.28983211470858033509
-0.25303048761381058407
0.3479079477817154098
-0.17293394682306845178
-0.097044697073535191034
-0.14025981893808853185
-0.45054658329670854711
0.44182192750673343618
0.19773037410121963031
-0.49317409697670516744
-0.40285561996829449827
-0.36454585773677089522
-0.1311132497626679716
0.39032202412589878104
-0.3591403502049191343
-0.27192348930689108633
-0.18855635394599495891
0.010694403270353314284
0.40108968235265329838
0.039457228781784925431
0.4035544832302414564
0.041927030602594617115
-0.067875870595006937425
0.37146358519313904534
0.080835256813094225059
-0.025023011990779997493
0.012451141060647152869
-0.1443700254301195085
-0.066898645427353631288
-0.4258414113750819685
-0.29478363522187406298
0.26299652563260444982
-0.36641560664393074687
-0.29175151123702919298
-0.33640639867099525473
-0.13711821150818842563
-0.45071183306463752372
-0.13967056510999648067
0.10969443051012639501
0.17797444534368223046
0.3673468471423553261
-0.41292231946251783947
0.14382285368433311845
-0.30368587671506946934
-0.15757490571586213468
0.075129350210757062101
0.33795326080599019658
0.17060860027977564624
0.48529890872159620052
-0.48205210106394241754
-0.18390975229701050919
-0.01963710373566890377
-0.46379441096443158044
-0.44762740393527072902
-0.13322771713169562213
0.059158469360346299659
-0.36448497706509025429
-0.43169410890956355642
-0.18116355192452043843
0.24152224461211257989
0.067172979338021576723
0.49680432909400884522
0.1051042103599796329
0.39039575147410954248
0.072889052999008496769
-0.019079936012655840383
-0.084454679108613872618
-0.42850925578123671977
-0.43706884986734734211
0.15840688083919551854
0.35917281600050809942
-0.48095177866702304437
-0.3197733096147488685
-0.17253280262803832867
-0.18693156344817457581
0.33419631285565598589
-0.24760043718387197975
-0.1937864500870946638
-0.012415853023827028156
0.45080724367487756687
-0.2054850447002394831
0.13370437391685952022
-0.45140061441208662041
-0.068559889267230611498
0.42721308479436070904
-0.28259509594504877983
-0.14353838735710194863
0.15414475440233033066
0.065541449890666347855
0.076031545410339296254
0.10855271112847963977
0.1753865344254211811
-0.17733608079838475424
-0.14828382361977338055
-0.10299381347849662083
0.02233703244078166783
0.067001668336880593202
0.37396539145907536916
-0.10416385544610534675
-0.050752318277587915585
0.33265444249763076456
0.47107493652280074681
-0.25710443379167630118
0.23043018311051832736
-0.2523881265596194523
0.24112031661362443025
-0.46147264153246209117
0.0071284657096446490954
0.069978695245518141022
0.19959138577625279432
0.41703056186737696986
0.29509528108267668589
0.063080450208714888838
-0.0028252422983008895763
-0.48677374880010443325
0.052665671143397041476
0.062224439015373778084
0.24210184403162371414
-0.33460194920463320889
0.088661502101520350827
-0.44841740399059831779
0.22589967674244981755
0.32160841191489453195
-0.062223842460705724999
0.18768598619758247725
0.16231055219957879476
-0.19640144816545296313
-0.41175488053365244534
0.2579976906751175747
-0.14292327914214314477
-0.33862367917109098547
-0.057793312292954202025
0.33294109288652773415
0.45418646457843347974
0.067338729926945894988
0.46985638743791402483
-0.32657517814067132944
-0.0095825681217824310032
-0.49162282365597259615
-0.26603347894224865788
0.37656033493159346559
-0.44060633000651278079
0.15443020435810994595
0.009541282120115401888
0.48757700175285823008
0.49359630395412068538
-0.37665889922668088774
-0.23792644487080766291
0.49141867584964726845
-0.17005604407460278571
-0.31952139880175894904
0.4117727483923296905
0.11722189583079067887
-0.19184219662656593064
0.05438661356715490669
-0.072592940419389184736
-0.042015079331031268683
0.052124085359981142673
-0.33022188752944575674
0.11560349544348802464
0.45516873381152345157
0.092039800008085315142
0.28749966775424529164
-0.21746415888161935159
-0.3454042398764143873
-0.49356150021084194135
0.48131887868394074292
-0.38093782644390467018
-0.11998515044737451118
0.15472324574589602086
0.23459955438160129404
0.11813259040898937968
-0.060437325765140659239
0.31493377337765393609
-0.057640214534334821561
0.33530371044889428767
-0.44597516145429089152
0.2220104493745926888
-0.40270185069558711577
-0.11243943767764791319
-0.056612525901469312739
-0.31801290456182035316
-0.051051627680925804054
0.35289439256168020353
-0.46359215239320566981
-0.30608195851106240193
0.47561550580280864686
-0.050033625302545237101
-0.11026426933161742605
0.41264694443941341007
0.27587304827680136921
-0.32647679863946815759
0.097886065194642823961
-0.31959515901305551866
0.27572053691418529908
0.056432754252538130935
0.29858979338210944743
-0.43507251906835947564
0.42800623588327491031
-0.27018893923119385869
0.34978138148039772393
-0.058402505999082754418
0.38885041882162285631
-0.39835815587396766757
-0.44620675781992474862
-0.03171171040685011322
0.43046830154493143095
-0.034686071192652934148
0.0074718452694191306307
-0.33580801337024251962
0.04103249211450721301
-0.072792642686950237429
0.38791400651310670167
0.24095123899053327854
-0.022237356710986644348
-0.35104509950052004141
-0.35404513515569741022
0.47124827010344694234
0.1110159545652343871
-0.27502747038693636794
0.31097720551126561972
-0.28387836451068021448
-0.046005780625365921832
0.37717609223542591934
-0.39659729079036348809
-0.39704836588201036784
-0.44741706957217902696
-0.34829648592055756362
-0.12546836912460240798
-0.17835448728784258909
-0.21987746359386733941
-0.48583724061005845174
-0.01288199635789960551
-0.05463000162186798514
0.24079833710471554298
-0.19690384236306318622
0.081186662517224617019
-0.18685390167524901228
0.25299463636888175344
-0.32585443481564174695
-0.010649389179664903171
-0.05422186737258799516
-0.041261135745935872965
0.038113445962855707627
0.036138060082404499518
-0.18365228925156257267
0.32410772513051688826
0.45148645845692780831
0.05900753985966644688
0.13549596325332513569
0.22364466325471754615
-0.18019219813969961086
0.092290459566305327321
-0.037409020041807405921
-0.015567632831533451121
-0.10586171728562637773
0.036259196010779537467
-0.28186524535653673107
-0.25897696214498094891
-0.29983925924562010445
0.094488083820575163863
-0.25467064938225986159
0.28062962234722654831
0.40530093475917305934
0.25972689734055010025
-0.17171874329633857181
0.44263556621754351905
-0.15571680397153525588
-0.13843455463466164401
0.095278746492377219823
0.16067692542700340308
-0.091161361268848273287
0.2866659157149082926
0.35352538520907250685
-0.21139279822192741376
-0.27539769326494439872
-0.10255991670886993594
0.19860822993947846449
0.16982253472243780124
-0.32437273108673841948
-0.11130220702794685339
0.40185897028720807267
0.4599049564462838191
0.10422510492533576532
0.28011769514987117091
0.33980346392374682907
-0.27780709241401274623
-0.43411873412972762365
0.11135855555721896337
-0.11530839500008110976
0.21075249367394011113
-0.20632108229589946058
-0.066037639946078308117
0.30829111748225535017
-0.40675226741596909319
-0.092158094406191437553
-0.34675849891155402505
0.033614045313389184777
0.23277071727791720512
0.48718727513699633391
0.25346768901005356511
-0.35574924665994572814
-0.062993881661099149216
0.042189068133373752723
0.13776113796493771879
0.2008425110796995261
0.4733070528297808055
0.44220735086365314803
-0.29143927846891920508
-0.34161595877450817715
0.4700318242448783268
-0.3394791486549929016
0.46822577079157767788
-0.38016286163014950672
0.084950480774912295878
-0.37011716938548949729
-0.36620089523733095893
-0.16616633082404946853
0.29374462911940513177
0.20226407558454051472
-0.18272628937164830942
-0.36291185005955201026
-0.14137333050989403516
-0.32584892044733754224
-0.26498131682697650957
-0.0030496895876067076081
-0.011276699347318175359
0.42261220255034159798
-0.41024048526905226852
0.03289120993677074889
0.064810633628154534769
-0.35723008059680799731
-0.13948530920730256577
-0.3621296265717845464
0.39364249810773643823
-0.15145810706035661708
-0.4351482511786150531
-0.024824708477930890194
0.029037099046871017727
0.38722425100960244926
0.2190861794418915709
-0.29386227064445452628
0.4083522766614933186
-0.4949422201330334059
0.19719378131649523134
-0.45784221390656149042
0.31968517988156530674
-0.31060191190334324185
0.29728481252409577618
0.31341896804599245208
0.27148321909472505897
-0.38985004375097848106
-0.099718650193100277779
-0.39520250674050222406
0.21862992592473551312
0.49406164569204358283
0.022729118987897867221
0.15196462335370519714
0.16705714375247471271
-0.35728291100878323272
-0.12853837275467178136
-0.15110314687800491251
0.25062290864964054116
-0.088613871960351253687
-0.13195323969584465962
0.048998012564098303301
-0.29405854496628830441
-0.43470791619401144557
-0.261998271644411862
-0.47915245413008739073
0.16946179712989861699
-0.043238954361536297011
0.11664969057428897781
0.067752771790132615415
-0.44580905756118710537
0.31507575378187502313
0.31887239610609074969
-0.49241369184611244458
-0.069814690541747437269
0.28572419493261391743
-0.084554090106539858684
0.35978690710435090594
0.19520371982170192648
0.16062973718611694984
0.40576671372897876733
0.27895723537977923367
0.084966560806977731168
-0.45269874106112567569
-0.04552711450140106697
0.18873863607324414815
0.023161153227521324993
0.084736526459944672141
-0.15064743818918141516
0.34119184957357651111
-0.25456154617910292659
0.13953911605883473346
-0.063246555992647668365
-0.35126108076279355386
-0.48092306878102003553
-0.37008029855445462308
-0.21178480219279499641
-0.027635033146443721552
-0.47323502985327242643
-0.43286318518064920147
0.29641037419147420184
0.48023447833674548502
-0.068991824300165982553
-0.030211914002152229219
0.10269461200616558649
-0.40313115620081990675
0.038683949768873793218
0.17401799341136425792
0.444272506189127947
0.14316662104446831183
0.044901631411245146452
-0.089878050671568898711
0.41182221470649504891
0.023349742441345022748
-0.022409179564335024448
0.23377478359063341706
-0.062135106945122087208
-0.43274742952971562149
0.091832366667273346295
0.36601410580910709314
-0.13068653565379634296
-0.40382455769989572536
-0.3942876615895151704
0.40633230057278346692
-0.38890993826354341989
0.15420148961898538786
-0.41249273714727580087
0.012369479476202260848
0.41119284156585900192
-0.2655284546951909852
-0.1926270538004464794
0.11135962651540831647
0.073474969186021921175
0.060482191281252317694
-0.10796426513778184519
-0.45910571761303625715
0.09523490092888864389
-0.22323347695976841765
0.12042396126935428491
-0.062113499500680735554
-0.23138188638356776972
0.49578899792767816557
-0.17836255003145212727
0.47104781083146529674
-0.02229005514358511908
0.034015365352744519889
-0.2311177886003364379
-0.32618781369060206865
0.20614621369516983318
-0.044456330718816217118
0.085168619378701682088
-0.31740613787638433108
0.0099661348274858729823
0.15868612675220283847
0.25975790595297554297
0.16654734829490114301
-0.086211547339976879467
0.18524652391642348892
0.096871535468375680189
-0.022595630943685940384
0.13030111209067873901
-0.1936383544124096745
-0.43683275585511199823
-0.35216439147622308203
0.47271967546157989126
0.39270880904643179488
0.32703390240378304998
-0.24082702513451698101
0.33885248235846854303
0.28955895441924617284
0.041210538739447244438
-0.19701410726801710238
-0.39316835625587692737
0.49778771503243934848
0.49877439778385745939
0.3509106862394915094
-0.054246362524755287193
0.22964074142078116925
0.41049496327145140739
0.041988196755124329584
-0.37487212038789868851
0.47626917075098629262
0.037733496736753968648
0.26962658218050661318
0.12251195170216699903
-0.4352258534355722408
-0.038032924508242527128
-0.48802482600067637053
-0.23409997131772947165
0.46153586731771734097
0.19146074370782850682
0.065691787015202618427
-0.38795638011486027752
0.18524050952675219506
0.10544528528868624129
0.13746271800798071094
0.18833458850403250739
0.42789601450697845042
-0.052636481139723911848
0.11100229247179049796
0.029760929522974932659
0.089023797763730039279
0.17934311958911752782
-0.31203606598365590807
-0.44445425557242651537
-0.38366852099932630127
-0.4572901568018435392
0.055093992723403539813
-0.19489102249599071781
0.28464668393521608269
-0.33810042192555739282
-0.34981743821552196971
0.36560673428562950882
-0.4103288240454582847
-0.14711593167332565057
0.19005006432810356287
0.062713350618671781511
-0.23317979563380325514
-0.36530343975191620354
0.077743350061072802326
-0.25187979586753000971
0.35609069910653134983
-0.23514714794714058899
0.43309736245617624917
-0.4782393691549508552
0.11091855142334217099
-0.21765972045467679719
-0.025387433008004445245
-0.063483015891083349747
0.30910226753276692779
-0.31473789204071728198
0.26780031382262892148
-0.46595314196500076109
0.13673926875784958579
0.32367331353888784129
-0.070590578367070222487
0.34907681803805401533
-0.14521720304540480795
-0.14502355075150913377
0.41083793452539929536
0.4903974397398438434
0.28918600250773696114
-0.27054123722192841006
0.44236213013041914
-0.13446414420748703522
0.36766373698751841914
-0.17812081564845011483
-0.28235965058909368031
-0.24229217950262177395
0.19093299576189848299
0.4795599036261499748
0.02095254794835166301
-0.39280289055704226131
0.18471820453009824003
0.39855637348990957669
0.28151951441122458064
-0.49816287702197553644
-0.18781409217038808057
0.27652660603095491343
0.20134487220023777887
0.49608084542758035251
0.39818529195000529342
0.29822223732473518432
0.1895489591108037164
-0.11945091439285321355
-0.46499581793318761624
0.26816473441237453912
-0.042938653116672942378
0.36500031519164866101
-0.3682207075386896844
0.35715569923232381999
0.14543378426945197113
0.38612710160044616536
0.20127877313508923951
-0.063845267885151379961
0.01602124671600757555
-0.40164279752347836761
-0.25751430174947648188
0.074941978722371516142
-0.3222188093031364553
-0.14151206085956219427
0.14317861901550088533
0.094747093577009278142
0.39382533449417045368
-0.066795808074405604859
0.053644113032607299019
-0.078156383058557599153
0.25487385707963483572
0.12568135857054152371
0.44534977427695376928
-0.35852024386994835181
-0.37279641583077044453
-0.20752066829327736608
0.11625499598718447292
0.13852799009814020792
-0.29843348564047850191
-0.22858391345453926702
0.095425050126602961598
-0.23562042036114044796
0.32988922869549075489
-0.39340486879773645112
0.28261922257735005992
-0.34696969716836706388
0.21420134259678347277
0.28210223659645183858
0.44342068338555074014
0.40207575766266701045
-0.47551386385019617231
0.16103883633941051823
0.41041877193048637018
0.27027892597581126832
-0.045819623284650556894
0.25027348916769631693
-0.21590889886770231465
0.30308382276199863359
-0.093658874144935400086
0.47090494916167380257
-0.47210951537686202117
0.082712678006134576769
-0.37005372512979867183
0.26613879621089586713
0.47050224536183704593
-0.0080364212275729207668
0.34132827648192065606
-0.26698565848626049091
-0.47185688185700941366
0.30323427216597409473
-0.089455853397256868131
-0.41595783643530809259
0.17275554716341257055
0.40111148695866205571
-0.41621253420708431703
0.11079182505292706207
-0.15238768779178907264
-0.45755687305067366255
-0.42677938321402980604
-0.45465432416877699096
-0.19329599772070499286
-0.19211748919809862324
0.037452082861895164001
0.12073946265558610502
0.35043598209988147119
0.35623090541873891901
-0.32886831545728328896
0.12764906402820719311
0.37665885333889270736
-0.25009145343804523032
0.10300930017735765443
0.4882752243302559414
0.13438807258218921081
0.20151635421584379593
-0.18921199473277622305
0.49251722772442008136
0.33145154667127529891
-0.17723959897480251469
-0.19820324638627756508
-0.49520144122335957304
-0.018848417306514930747
0.37341143680698940521
0.28491381727308473515
-0.35244697353024018183
-0.25832214309980233713
-0.33876457002394771978
-0.24036413879166068641
-0.29742409186264878729
-0.33500815321122950907
0.053179651237909020267
0.41424763050121315988
0.35460799811827015127
0.12132943476750857048
-0.18380501578693181353
0.40834659118462457439
-0.28897441805653806268
-0.46131858642607354026
-0.2839945077842400134
0.29006416434517467984
0.20068257969982583599
-0.18919903954940658908
-0.28018368243117458549
0.13725627429540743218
0.011518277105878271804
0.29409634807482198937
-0.054156613823048205258
-0.41657715239704623533
-0.42954599243910590589
-0.26909699201720310713
0.023579064485199308088
0.214744469732196408
0.056126955586501270368
-0.49022572784900458887
0.45295915877529213667
-0.041838933283838197763
0.040343687755677759554
-0.30779080081341686492
-0.25661084571636655349
-0.28582088262582977523
0.10645368169375846179
0.40867775908126513507
-0.2358834302386877968
-0.15054654132076600304
-0.21250919962283026932
-0.47091575805484670036
-0.48949801454789859667
0.2809739102046960868
0.47752014876380954878
-0.45761050875273362459
-0.42308774355299177961
-0.047845425741539882036
-0.19577234898267653618
-0.25336659198258276726
0.3697696932484932919
-0.30693291105236047978
-0.30532313409111672131
0.40603346478697455169
0.12318125066309326687
0.18604243460496772133
0.16836120168924773033
-0.47421110093425072884
0.47794138437985167478
-0.47123581499248540227
-0.27259328342484950847
-0.024782797896397201765
0.33761658170917629995
0.44945141610870431581
-0.49115892332814209409
-0.36161237908373761174
-0.48402273750850538514
-0.36287597328187065626
0.4137543706347641681
-0.4152949264835190113
0.039162287570273734971
-0.3051577851295899646
-0.49208774757544698764
-0.22028858697474146267
-0.24106048802448837298
0.042790214609038645932
0.37376796755215668799
0.030090633992810866815
0.033277328800119798657
-0.22105461293080713725
-0.32005606770693845187
-0.020710583308484131759
-0.10602576186429296667
0.40171746624831750072
-0.29172857458964346344
-0.47436482073980462681
-0.44832855577599400876
-0.18284434717328118536
-0.28113571317005386918
-0.10310246019918661853
0.38026360726675112467
0.22816900785802118889
0.093392643889542714675
0.3319406248821682448
0.37907278377414188597
-0.43506366164802451335
0.1891396197260835077
-0.36889123502844162195
-0.089238736436348442549
-0.11038819294946106142
-0.22840178316937903569
-0.45561873005626835065
-0.30569803488094643429
0.20636578932618754312
0.4573239780930345999
0.4095695876918906686
-0.47712184539004737216
0.069569239517550229834
-0.30928490656740176279
0.020871734175542888678
0.033578797333180254725
-0.3376149071016148473
-0.41206985554892811008
-0.019577919209731897698
-0.44738443450718617944
0.34105707259905693185
0.3886746114696109089
-0.48514301962427858195
0.30086425765551116918
0.33869349171409013355
-0.46025543877396551951
0.087158191428237663523
-0.025118619533550601286
-0.32478145553343046315
0.31879791034835003316
0.066304232691537956512
0.3123419706566418208
0.43511712631435439658
0.46987941759974938272
0.16262013766755378796
0.37286724317028929754
-0.43655193502384487259
-0.16210092227092059991
-0.025160733657816070075
0.012211700234370015394
-0.13242911970103760089
0.31698690249061833857
0.08232487922961961857
0.3466246124470523382
-0.05692717239376293703
0.44177105578838948841
-0.14414095590809622438
0.49320435376666404981
0.066323296940580367398
-0.12277282102226289018
0.12062850494168630977
-0.39374327524849400683
0.18687878450605066583
0.099839826151862376413
0.30519080418723709691
-0.4243047533499675894
-0.080514662896816691084
0.086239073381786379713
-0.43917004035255341465
0.26261849299298167804
0.40041236661464163493
0.12569383269549039284
0.26416125854795646788
0.44442603166563088291
-0.045341578489963618726
0.011903092945458770835
0.38819075625541321628
0.176764846124313868
-0.22330675391413518094
0.089412417441484426384
0.26739556800591868235
0.34418069820828822714
-0.3702057855439664924
-0.33288773574053925897
0.18746222042742399783
0.21598029466549562017
0.22954234662150907464
-0.010734217242278687454
-0.11626546809299992402
0.46042119340044862508
-0.24525961935209344977
-0.21323484733877678954
-0.47519697572664260088
-0.41553868856569181611
0.12526599701109375484
0.16270695016622194196
-0.28109048088185512038
0.24008789718899270493
-0.32956324178355794752
-0.12802884430532052162
0.13674440096041651227
0.27733281227725137263
-0.047171683119678287088
0.30835841356298077098
-0.02794852357663962783
0.16391058151722004421
0.33350802289525038891
0.062693092888344126301
0.062526129807267794014
0.43292182438378223885
-0.46597338423724171674
-0.4812575110886139762
-0.46360260047958817831
-0.18906545507668243156
0.037613425235155095727
0.1178823315911545766
0.18138662232005209329
-0.48296109248159152516
0.37388421104743063683
-0.26246710980189608131
0.4674244465410184457
-0.15416723687187033898
0.34478148013537812666
0.21266585631568879489
-0.47708656310680547241
0.012063117311728266401
-0.10629372184657209788
0.49338473513209590848
-0.26802249937270267166
-0.10498555719253038765
-0.32576787978209381658
-0.49531171877545837612
0.038397057476346696525
0.12008061652327894908
-0.33744195820247985251
0.33752651827444457577
-0.27788608659024932601
0.43735642922864947924
0.17340171723906128154
0.47126004814084865302
-0.062116167032289226757
0.33839006007155303379
0.10522606106984921936
0.21496960802076248154
-0.089471255254454928885
0.011382381812144348743
-0.22813124624882602509
-0.16300099667335549158
0.42554803955489273193
-0.42170072739945835272
0.33216446438196767232
0.24997485741486114019
-0.33799850272135484319
-0.069432682094172915033
0.33529673921549008053
0.0088182671183268945825
0.0078058148073532063194
0.0037799002452334473645
-0.32807978788616448673
0.49071567068240240506
0.24834300191187685947
-0.21442803771835122761
-0.15268279659596356579
0.20763331246883176551
0.37011754063935820014
0.051498386089229519769
-0.21364494979277953712
-0.14116683198375318264
0.044705210715371257457
0.3863366001584218612
0.2039254570834593272
-0.27445634257248247012
-0.47993963321882809892
0.15744210088609456033
-0.23669791438429871322
0.37663407169147056219
-0.33954766941092290322
0.49629808045927603644
0.30076265773104360335
-0.24763669453077724603
-0.48429009944683815148
0.32073390844112104059
-0.38948449328833262273
-0.34793650274777104814
-0.11563795017610895011
-0.3274207035589075665
-0.40518764057430584069
0.049206001531663767778
0.15477964630947649294
0.28531831521528683293
-0.44210175222573583342
-0.448706511189893964
-0.02765429102493816016
0.24170049757982492444
-0.29213423761907947318
0.095493580682814771521
-0.38946792975912142287
0.39865309982354735219
0.37354108975985189645
0.43635450790647312136
-0.11092599265248132001
-0.41738326676758735756
0.31753434781499001449
-0.058613571814997211806
-0.15050695844072009555
-0.072614159946386258593
0.20918205309684045901
0.22806776870352740705
-0.064168672359783907044
-0.23346531252089858244
-0.34914585309468909591
-0.44715577862905514506
0.46221734100340561291
0.46727842373006545085
-0.43272332376841077251
0.093010178156913370096
0.47314585237148554242
0.075894608368715754665
0.47066559774510396963
-0.35469040450360439509
0.2193399512352364189
0.34128216374790076859
-0.3854114671686323379
-0.29566336812630561459
0.44666570949905393118
-0.26685467095323595066
0.1165247449831446902
0.41176095326460493418
0.21131480605555530428
0.27305372210823164458
-0.20095278939823940645
0.34954671374896151281
-0.36169778073772634874
-0.10004465709818638475
-0.010841650136918234981
0.20391848519507216331
-0.46591271063518818751
-0.42480061185087863995
-0.13187702559837127803
-0.34434878667089313664
0.40966683176315488168
-0.056335698737528694391
0.089243920689410338731
-0.073858673895562942935
0.35926445825362263164
0.42558642090832909943
0.40033757940442105117
-0.41887088423820534322
0.110896386614468212
0.27696120842731808409
0.4175374794578817772
0.056157236865572612849
-0.030081399174743006508
-0.32383163205657677919
-0.49183803748233839714
-0.47592124206309921464
-0.22142645571946623084
0.22030419454400518298
-0.097742604362811402741
0.04186883949671171834
-0.22866298483170627298
0.47329912230343451629
0.42035043002168881454
-0.23598074498176607738
-0.11570109524555111102
-0.39461405792976539386
-0.10470845950127410928
-0.25858803785459488767
0.22662548522728576117
-0.18729231406445828734
0.18588698360066457926
-0.47345016427761971167
0.20677007271766045804
0.13732932549981902159
-0.20958918821063393656
0.27104274673634853876
0.36418576486921094837
0.40578009945812576476
0.19448420867961668801
-0.060882864019199678385
0.084813356474291445863
0.26203587303033382128
-0.18424162328493182139
0.3833683261949873966
0.28667362326409695505
0.19433754641402700702
0.25900264629536939864
-0.44880879235433862595
0.31299794229554311897
-0.053370752526074871636
0.18647116191900703353
0.15071051640323307463
-0.076464173151686909424
0.23575446846546199708
0.35771530542849949708
0.49444020450900771912
-0.48249293110141727725
0.41491309504439022326
0.27506560502230625875
0.09564915603738488592
0.26225037852080212986
-0.15176118034438551563
-0.095497707021395650262
-0.45939378333712005409
0.42840369746125850359
0.30731368277610215944
0.016426784553775886089
0.11260644652647711084
0.32389463220050307424
-0.3338104204196085667
0.070270444968065781666
0.22307136128618787474
0.082774034223976777902
0.47672809359139445284
-0.24368502392490160036
0.17934855844765784649
0.27909313054284412559
-0.10920480982147301452
0.44025527382941576082
-0.08797589009008915939
-0.353539456993384682
-0.32961029221686760637
-0.1068783135906328785
0.4869538614597564985
0.41491624382263914139
0.39960408186111606721
0.16317414585955403172
0.0033302522790217281567
0.14234066068439477082
0.10517370394106750897
0.45472814601631794673
-0.10707282080875518693
-0.10817351572830541384
0.22922447348774310782
0.30377926399011234704
0.23932548828921806905
-0.34041287867514330445
0.13357713025837214538
-0.23116523483233447633
-0.2258312171336978591
-0.24455157693106127637
-0.4911798017452549403
-0.3804073048119590017
0.17180541846032237885
0.29591870190109847982
-0.39313439676194456007
0.44669783228147252885
-0.034172391587097561416
0.28245820282139022517
-0.45847508143756982024
-0.42006795772699651037
0.31454524346953516289
-0.4034837355626028077
-0.46255626843098657242
0.15756262923808639353
-0.45617882719448593631
-0.085057928066386512267
0.31514168044036150462
-0.38595551960162860494
0.34262527374825924031
0.41012136183327574379
0.47506063278063714872
0.11414441186282320295
0.32133984732247078409
-0.34076816189063091622
0.074122551749242648889
0.37539167690346031403
0.3655289556429625053
-0.32840442395005337017
0.32871731821260041784
-0.10194914172044006184
0.012477448518422806778
0.29725119147521583685
0.16825346776377514413
-0.17402312509631517878
0.35596521996306462743
0.43077113202933958735
0.30854824000231584336
-0.45020317318884911506
-0.48482593291869496843
0.07548633439773511089
-0.40057389102436263828
-0.41287843882547275998
0.37121028201837402705
-0.45242608530718503301
-0.21882999279543030591
-0.19500681317312090757
0.43254211263485131678
0.44672897277979661812
0.28457975577141692014
-0.041365911191543369707
-0.38276583096083699465
0.46380744609970081527
-0.27652968238180858362
0.14116257924943964586
0.27848127577920711584
0.0097067691496225405601
0.38550349135081363183
0.43891459721401004934
-0.13396343684331041279
0.20939838473735694624
-0.40559652452738542694
-0.069081687840936656375
0.17217359807580445707
-0.22521565024673878552
-0.12677014431079064449
0.25946692989744590818
-0.28896533453097800193
0.42233311102152049088
-0.35913056464339249141
-0.27702897831667899764
0.11439476167734807799
-0.26992887476087662479
0.33995832117268098838
-0.14117169647552146872
-0.37275626951154411381
0.16903640585379398065
-0.072562404721683015918
0.12390587061636315624
-0.38806325010711856249
-0.44698284918542091626
-0.20466565551243359744
0.015155511488731621128
-0.30092947947230191952
-0.29178734697849956214
0.33615868341678323272
-0.25795671808610692866
-0.15298177110833349746
0.37129585446045421104
0.49790042260420541709
0.27224050839847313554
-0.35947014072742550228
0.26469328614878095962
-0.40956934156677321512
0.29951824123041037584
-0.22398918792639804787
-0.28075296350980366578
-0.073864307961924835499
-0.35779337499493529817
0.16686847388457426433
0.32312918095303244659
0.16636192017225581719
0.2974271045359071497
-0.3387317268893046962
-0.2274566414527878222
0.33739800530164176795
-0.1734739069093547692
0.24694026449195094486
0.066882735154215944284
-0.3506665003967787686
-0.27866835700527431419
0.42327782125884316766
0.40192992821930262348
0.095961187302935457843
-0.48405486835565464387
-0.48322101004917877853
0.43773840246800910236
0.29865572731594780542
0.19786973447269273763
-0.24043491748904316507
0.40868401698843748182
-0.42693560998033480702
0.18803112483803829935
0.18819298584695387522
-0.1296850386802868571
0.3127118704189489895
-0.31044127713487029707
0.46222243461428402789
0.43289605820404886138
-0.16094460656364389939
-0.17022025075353314216
0.2948910550056708102
-0.15694225579841308837
0.088534979442529304627
0.19111465109386771566
0.44524153621893081123
0.25398613225366939439
-0.22414098849001856673
-0.14673950066198254705
-0.42496282660166256884
0.30432279350852253774
0.34469415573240580475
-0.27696387758336610263
-0.027987011664558691937
-0.15386649390420276129
-0.21718377830827667596
-0.47073808233305208804
0.094714675330482167581
0.4504859078956975349
-0.32895028127565412168
0.2541930245259842458
0.27301978231398871255
0.03546616762350884855
0.34805394928057453718
-0.076695528637805432393
0.12118325385872930067
-0.43198112847757913491
-0.34728043726858642826
0.087031842825166294553
0.34222164685004119455
-0.025853152052132399863
0.43359290356770874286
-0.0062472812915322362137
-0.089860521873260046366
0.28362048898984326684
0.42064575973915074858
0.40098922486645871555
0.15951138356927085926
-0.28505048411992778279
-0.19119954877714234742
0.057511544068598485779
-0.46381601050080173421
-0.20120213707534911896
0.28796548499782492758
-0.24890156221966824868
0.14819335575618675094
-0.1961242670119777709
-0.36663202616270190726
-0.16654289870421884467
-0.1788274853609452264
-0.22210698545188428676
-0.18940713627315791667
0.41860251025217209975
0.074753279198935040917
-0.0027832217587056562458
-0.2358214694285282742
-0.21021813703233133142
0.29931788814055382275
-0.16598053295797704498
-0.35096192167030243469
-0.11273569701942304233
0.17335257263431214092
0.44073635084435525133
0.33297230220196261108
-0.0051159059939439033293
-0.33150686401916179546
0.38606991904660836745
-0.46043220093288944605
0.082838343126684588213
0.47152780689763251765
-0.18302738628463915971
0.022903306377104359903
-0.19452377378825552734
-0.084477031266778912499
-0.39119008961465523422
0.11759642233066336381
0.20141495260554287405
-0.37077456771276368075
-0.48959149163673926219
-0.25856676232131753368
-0.14567809165177730835
-0.065448441076600916144
0.21236746937660000434
0.02031926128023453515
-0.46732525277941799891
-0.48097332080682725364
-0.056423954471445492143
-0.3315288059967950729
0.3082039794386062237
0.24597400636246269379
0.30415453516108792442
0.11685500912303270482
-0.29054617246914932194
0.29210814408102181439
-0.21070499249152735421
-0.33504345235270288628
-0.46110630410003167201
-0.10962045289138072635
0.45498189733506377852
0.1841746263757284563
0.15998529725860721751
-0.12000243151286232868
-0.06384730348207851014
0.40961506254873814026
0.49892802707178440791
-0.16638163909849784661
0.087873396097164824248
-0.013075332344000434315
-0.29683243051546420732
0.011359339015587166521
-0.4110696290688478638
0.29616161163401133471
-0.095369302734507999109
0.15430919214592153654
0.28027912187673109656
-0.26455204548581473523
0.44768127676001379101
0.48694477937972924231
-0.014676773049430213991
-0.42777527270875798093
0.13950825794812216074
0.1785122483612625599
-0.28183092731500297701
0.27795686573949829334
-0.21808542286922644182
-0.23992960318265238451
-0.41469979897317793549
0.11897767523402125178
0.25599971748023309104
0.19430337425102162108
-0.19452480897049578834
-0.20269858994308592726
-0.44608005525753141596
-0.32445641743688530267
-0.24557910450691416981
-0.29120086784590010209
-0.45785507803448460828
-0.10075034535794274992
-0.49006591314697395267
0.0032763503275149430394
-0.49726671929152427287
-0.11833442494359430741
-0.40319142299284654873
-0.33805289419130574169
0.19681599885165579344
-0.42737705875316084336
0.2804279156138911322
0.18042856885122171562
0.14081762267007846834
0.030776564529273353621
0.22217445092847987187
-0.27968644409118798011
-0.093857231124629125762
-0.4821339125058398678
-0.49577118808236181335
-0.084303753341862297521
0.11688107101609146454
0.46548326143969886992
0.33890599143336774812
-0.44661838755426214176
0.41738094225274646742
-0.1042006041620678336
-0.085600017079071333281
-0.34082051201105484362
-0.40842423132451471934
-0.04806582972389955577
0.044408547389819141848
0.35217639555002211438
0.16460233368084387084
-0.30819167564066457521
0.095830941615969056357
0.32078686646075826872
-0.25259302801550925777
-0.20753913656272399146
-0.24222152759628251539
0.47214545840419985812
-0.35287399059401630685
0.13245078374423380208
-0.13832584337597692015
0.22483436223510844254
0.00027987093406733887235
-0.28108458390237672786
0.35968390993232068897
0.037098837359125669266
-0.47803886156243230454
-0.28141071442014548021
-0.33127466039207326132
-0.17793108359243997585
-0.33719695617578365754
0.1452413203777901396
0.10849236860227762236
-0.11211631252057835395
-0.24248476913362665419
0.13521871910476612744
-0.12448327957254906595
0.26797745401420514089
0.36395192260920483651
0.21959010881979124097
0.43912425217439110536
-0.1986422318885067706
0.35113481705301319291
-0.094300390938170608468
0.35792089518928094094
0.11741688249998549765
-0.2134114733726463764
-0.21972920894523445545
0.357014680387506389
-0.016690808402182455428
-0.34734037678576973329
0.0800938856347385153
-0.35850249685535656718
-0.43881856596284546379
-0.23978694472201017573
0.27502777050157700689
-0.2918220501107093301
0.36347350707286829596
-0.4597389827006967411
-0.16289880243271631644
-0.49572406091058357491
0.18796563653984488251
0.11514783274675610691
0.28440467589671947213
0.31560319566462757823
0.40778033756738096827
-0.076361449403853864926
-0.13337060859236288257
0.10856317520295322154
-0.014046000241114964258
-0.30642289860661703349
-0.067445428207705104828
-0.10842065297637154542
0.38890300762745499963
-0.41910131307991277394
0.22682457537259737013
0.20599514497191473428
0.41396712783984468409
0.068434629063401586357
0.20531351403898467911
-0.37689866990061843266
0.37363466155839386573
-0.44806328837767100959
0.10803377778135703213
-0.38731553406682345253
-0.27080898836979910849
0.18758001534433454971
-0.1163422228925021229
0.18613180617300095765
-0.2798970295536544195
-0.40415584525005526784
-0.15313040969410723902
0.0057424339612132113686
0.3097863403694723905
0.36638251071213590038
-0.12159247971475534156
0.44267368677427809676
0.063248187009764755828
-0.31576905371712221671
0.0036447957041215728324
0.17986972816274249265
0.26298928358663131721
-0.38049986754587877824
0.47252957481308510701
0.056997045971979409806
-0.49509566000158650168
-0.21453724181707772845
0.33219288449445383282
-0.44558215936282602465
-0.1881919528802684094
0.17842568567439942573
-0.37256929228178953251
0.21793683734833069199
0.089427191153428786663
-0.23156850214832008783
0.31035979189527873601
-0.42704785689105978497
-0.3066626420450267454
0.26439948499698495699
0.10203053367696435227
-0.28340687020489446768
-0.10742029889620491323
0.34829890348182679372
-0.32688205984810875249
-0.43555751589402419421
-0.0014922600777524386295
-0.29608950709731612916
0.18254360669581615184
-0.25547460541151406632
-0.31071466497978478261
0.11379036084674565288
0.45960787793497970277
0.048321748223368210517
0.46622508812892093921
0.49159053541500863371
0.25157385956093147872
0.07407783655186339633
-0.12782975293973580788
-0.42113170507943747944
0.028278039982717051437
-0.32070956635006914182
0.06694548927030330443
-0.066454613331983936053
0.056814722100541836802
0.07570388697288688018
0.060025701081213300725
0.42753400002538666236
0.053904813446326915738
-0.38246715221495636294
0.3844029116294335191
0.24157417884931120522
-0.13227537852591647605
-0.056240851616284504022
0.062240652370876614619
-0.10824197282967978895
0.1696549696268253582
0.49810901420863273881
-0.44767123635262168202
0.41752471811150781988
0.49004391109412970273
0.36298028095847689745
-0.036633110333086305044
0.16325069755268406535
-0.033339794181801607476
-0.12678552901693290744
-0.34376619415459347406
-0.29901970515901926673
-0.022763285518004716668
-0.21783207656588904344
-0.29194619411989558566
0.10903147772239574209
-0.21732807825645844568
0.33231006312806454783
-0.41192805278183247664
-0.27302556599354915745
-0.075583260416592745745
-0.2858027542311323832
0.33699078336869403572
-0.0078026077383582248537
-0.43831991124398622661
-0.29599324140010990769
0.19863353709451747608
-0.19101581911036219497
-0.2006030110914396869
-0.28924277850491003639
-0.48751287908013835048
0.2582932446650292313
-0.17441537663543188463
-0.25600648934024300418
-0.3947431730581585918
0.0053887371047423027193
0.23877150850136286131
0.44707703711780144573
0.43264314408807158507
-0.48275307927722571621
-0.0040291106157541167754
-0.014710200065190803809
0.049233234361380051602
-0.073485135817753677312
0.42757013175947911066
0.093931098774746812907
-0.064067234179444876307
0.46275664297869989472
0.017886944103201907197
-0.49187971234480870608
0.12703999909152452474
0.46508824708337381804
0.15314638528023327702
-0.30026807153898765756
0.33826538410457340778
-0.46424267459024554094
0.34706664764310835025
-0.36512821585926719115
0.34118646162082855167
-0.32152186742360927552
-0.3536372323068633361
-0.24837230150671812945
0.0039746864288394689879
0.19225887278388587021
0.012430013145763307847
-0.42903974133419292558
0.44708928006507520081
0.33856866124223194969
-0.13337524078381485237
-0.46235657833654825177
-0.090647591497368062985
0.46307938904344081443
0.45389010904487780973
-0.33116216781200252806
-0.30290472112504035485
0.47683230539835375072
-0.16142004994719888478
0.19604291989421607223
0.42894585041285504534
0.32581291227932895893
0.30433197894825447793
0.1126605315091379067
0.30775566030949930152
-0.26477083743132207028
0.40412223269631608602
-0.28695413260468310979
-0.37673614196930066411
0.26966433651680432604
0.49140938379042775619
0.259008966659528439
0.12315530564922716472
-0.41101861898710118082
0.028319974619833709895
-0.32146709072501739035
0.040751286450373291892
-0.090240428438977893233
-0.35972385988717497929
0.044012725676243702466
0.29146232409723749068
0.21478884599994185756
-0.35981263727203599556
0.43633638819631337391
0.43198022057010487806
-0.14129998198157128764
0.47778904250129772269
-0.30949936886946477488
-0.099729109826561856966
0.3409600690274321444
-0.41406883404753586086
-0.10567274417076183424
-0.49019109245303987832
-0.28842747521072903405
-0.1439438359852312499
0.33402088999988532869
0.12530794745294415726
-0.40512606169791393063
0.29652356983665184575
0.25898783955955806402
-0.19330667182659005965
-0.32670986429468046319
0.23486459229788103631
0.43757067361279378126
-0.28074974012104664256
-0.17002981221772611731
-0.16758459648617235471
0.46696695715887637235
-0.44904107630718220756
-0.48140800962409263652
-0.31804929225819683625
-0.037591596511993674579
0.46587157036003334909
-0.46326473902213965994
0.29763303394351248166
0.025421916717939141428
0.39021854304911485212
0.46389918078345471208
0.21791525662299393584
-0.25009431032801682226
0.41040100801348655679
-0.48813661091008270221
0.48794535362523372424
-0.086694245432178795863
-0.23002851897176773699
0.38301096000894696569
-0.0015346479487730602109
-0.11425238020104794279
-0.19475211432334321726
-0.080784255628672141381
-0.25180332936782495734
0.017943446214959357654
-0.064024473972455309134
-0.23601759962443663587
-0.49417216475430275624
-0.34845657663287038508
0.2811350932341432074
0.20860541436020396677
0.42372066482011672139
-0.35085574538225222652
0.42650686932919135153
0.38726437750417397332
-0.14991830231565322906
0.45450069455770936155
0.48381728625756126316
0.34562361424776644192
0.056917672187819068341
0.3710655834543216125
-0.34565528488075664137
-0.36725148259838175102
-0.36115025273563089447
0.19475056776341659326
0.46014315135911854071
-0.30568528823936808037
-0.36314802163850062877
0.38539580023593456026
0.37816812184803672015
-0.37280111927307219011
-0.46657178852006792047
-0.22176089883189792351
-0.2269853848781683836
-0.49258384929038129263
-0.3546433098573610887
0.33514926589033100512
-0.43624061496339178179
-0.043807141914401881433
0.21650656635178866516
0.21408085821279199124
-0.1905851089610494653
-0.36632495081647381552
-0.073915110859301413893
-0.13999020469350792473
-0.052077454702429915034
-0.20762502488057082983
-0.024811720955074612061
0.47438078574046860236
-0.49202062702547350037
-0.27006416994920551256
0.34908029476637070232
-0.00052350715034282790938
0.28391833608996208671
-0.42084842477820522122
0.48990119593744974047
-0.49749141949097247517
0.28621662883110721154
-0.25454896589760672709
0.21170610481544649417
0.30471394953756125723
0.23449346137601556617
0.45481373659100166051
-0.27751118992604312252
0.35213167104535891827
0.11767474023100177316
-0.31666606126180102398
-0.28180943309127720608
-0.40941985036648004259
0.4025142037708475673
-0.16962185509388022497
-0.15308472449965776496
-0.3780029495637697301
0.30308977436643314007
0.056224742761004198321
-0.29532004648031434657
0.29522829175110587574
0.036407459139644826607
0.29267483037814567837
0.20585475178673728891
-0.068649228128589256936
-0.14362922353250656693
0.39281930152369570752
-0.31890805350256784534
-0.3983690786788892102
0.35870644587823785621
0.18741705174941258871
0.42577828089358016328
0.11065365433141893803
0.49926869165959109065
-0.068603826920203780926
-0.43658907661072504647
0.16596017505154347926
-0.24830505007296627129
-0.10794793188998613731
-0.13163058026452251204
-0.1736302641753599274
0.016626027380112651244
0.098635484660409722402
-0.42930258668803517041
0.39323800363873684383
-0.15236299092512844977
0.23725755883169385996
-0.15341217299339532376
-0.38062328511919124585
-0.17071434848981353882
-0.2747284177446133735
-0.1958671181584027976
0.16816416346890883382
0.17852664843156085261
-0.30848985703197256969
0.20530586323868516008
0.11603567038673556766
-0.33769334224116159815
0.080060156509666913216
-0.44305134567945109181
0.16061361216943736974
-0.23426648499014418592
0.089381732878379360763
0.43772050127162176469
0.20633277774073022215
0.058202642591207776057
0.069874852212840177224
-0.25218769959605663589
-0.031475943096250624809
-0.44542382552555398467
-0.0071496530984788697616
0.46818888455526486148
0.0030499494951644612328
0.24414820503758183357
0.40271791137022106
0.065928492226518087271
-0.3701628768071119624
0.49011961889694810601
0.008903132626142840067
-0.0720121153683713211
-0.4373428554034586857
0.22323231325028314309
0.34689633817750309408
0.032086674278035021146
-0.31488853646807707376
0.20627393725532405799
-0.31046592430353908698
-0.15292400689703261607
-0.26117085136813183999
0.026903268146800884963
0.14966401018772790277
0.058333958797002982699
-0.33478657316336329908
-0.26527161895642287215
-0.28035407555281027792
0.010427687560723097882
0.46368562472430174815
0.15563574549094671973
0.35941755435417210851
-0.40974725932951000518
-0.47529215259639540081
0.044602485496004873333
-0.27040252565754657743
-0.16742140809259170586
0.2309770743384236269
-0.40623110342145513085
0.37843986580166677491
-0.087377024027707583809
0.093816353901315485686
-0.45755425431950330628
-0.43786072094785316589
0.17328243299036261149
-0.4621779491676304974
0.13668229665210829271
-0.18861075543133604127
-0.19977918509373854272
0.455523027042060491
0.36311375640106580143
-0.19319200669981700935
-0.1150543430263573641
-0.20535354560389579293
-0.38009773503957605678
0.45340657001160511452
0.15085900583366795846
0.21448095966686631098
-0.076015568721231885352
-0.29143338558774839475
0.13079664118156719699
-0.25437153526220596111
0.41345644049999608072
0.44496332267431704111
0.46796816841393751307
-0.28515651144862402822
-0.20392787988696120527
0.36237407077176064796
-0.034912037131143824897
0.058293436267542464435
0.21388252459044987397
-0.28957949060513604733
-0.037164394732729311155
-0.41647472430844029168
-0.46915354524709501627
0.46836651340773916008
0.22207398707639891544
0.12187751717396089202
-0.29515100478924632954
-0.2047346099109487727
0.41962116520366665728
0.49389299888121129811
0.14254177068694218189
0.42344302435008174257
-0.10529266018412558603
0.34378588089357653423
0.22796499329086650221
-0.27866471375026874435
0.42169763515643998719
-0.48590630819935293205
-0.23163237069446124261
-0.0065147959057582638387
0.438072009794446382
-0.1479495037007679259
-0.39055876736942957139
0.22250836113932492832
0.17001356743423212681
-0.38009350587380680286
0.1891151029356354929
-0.11194173831489612203
-0.07890085830026399849
0.44066059387333511577
0.33232813459615573315
0.47722998828568763408
0.20210934194364416072
-0.11347939502367915265
-0.12644769604789157791
-0.35828245580331913311
-0.43202904689930471394
0.01174921327834821394
-0.34024886753444544274
0.08215518873982119441
-0.28787118375582215757
0.0027470107640400476257
0.39806109459862049071
-0.034668947346164713519
0.42459176711779766933
-0.19904159400227244836
-0.36524189992974381846
0.20731560477004684628
-0.066294573316624083592
0.16864919419652069088
0.078707235642197392878
-0.064271511794807112405
-0.13670774656449263817
-0.28213777566224623738
0.49133247338421148775
-0.29668288924889624214
-0.038867886534543261146
0.39238899554170747486
0.31629413568540931667
0.48266344284288731359
0.12342617970263902727
-0.21545783224003905998
0.36803889605282047448
-0.43417549050474429917
0.44234583024111795435
-0.052273460399315296865
0.18198545781668551413
0.39406295334731278324
0.018885463422068760053
0.32039963372083846149
0.33865853568097914472
0.0090375386492553833051
0.41117841243906450011
-0.25174511108482439115
-0.3429878409629290581
0.20809314318052507531
0.32417468166462359846
-0.088229016635283097347
-0.46978827808885309514
-0.070705828084875965711
-0.27464302527903533546
-0.42809045996646527543
-0.3347602600699389197
0.10221422260419465999
-0.12051037106390366516
0.29672289582131050611
-0.28010935863750902053
0.10381551378403397479
-0.23165686422641557085
-0.21618242565814221878
-0.35019180089112073029
0.24203472905594347608
-0.21832078144915373352
0.17057163492521598691
0.18849701746325009388
0.054165281811232368625
0.16214939762029745296
0.18189607671421748059
-0.40263555276303880648
0.27256102983318886146
0.018368299956966649411
0.31452669525933130146
-0.3890838330545753343
-0.44248274446516516756
0.14656278728106619802
-0.19275236847995463885
0.48497741664489690816
-0.19375731943650248423
-0.048820890251674631255
-0.15585505750458567009
0.058836651053887023544
-0.2873845453302406594
0.46036111376614374802
-0.22615694873971065038
0.4194933793464784566
0.48485783123639014658
-0.16177412453755096733
0.31682334907208342667
0.3964266903358323324
-0.46437446677167087961
0.47080667414940435833
-0.11629635599940973956
-0.16104870414296240666
0.30339423172942514562
-0.33257712205530648442
-0.47268247787642919677
0.46818597812426665516
-0.48236695272174617832
0.13787078568880994922
0.068897836082499774868
-0.079645868097970196064
0.32617220628183085651
0.31627964802142749523
-0.47569642359332314774
0.11810315034691254432
0.35851499320244650804
-0.11089115510726826885
-0.37549812440943858283
0.074220534931873638484
-0.48351720130643088824
-0.11629510604307663479
-0.0007123212021771796465
-0.28521553163352303395
0.085450597349530754698
0.32769374109612359192
-0.027953364937533253798
0.04229515283706086759
-0.31070017084621787129
-0.49162045771537105088
-0.028106976517997706022
-0.24945020353549079983
0.13129615422372120648
-0.39940968590836495311
-0.047471906607077396512
0.016335929148888039819
0.28372973273040669184
-0.44796338007421981908
0.3892219694235462546
-0.34610041297803390004
0.41826380305689248029
0.31178957802193596471
0.39029136920559803769
0.42548310159280788856
-0.41722535746989958261
-0.1382414392322265928
0.092452791377739429457
-0.16877748221211757995
0.160262868559581384
0.3703075121502038547
-0.29648443607743263373
-0.18233559162420392985
0.37120659023891011685
-0.16960075668225133017
-0.41840058409703589914
0.24691871399069287296
-0.20677873077251213152
0.08335965091637143054
-0.43418317667629940937
0.065038304487192277747
0.31394117698221102319
-0.055443559690309063281
-0.13592144456983407119
0.26965465126523124884
0.025130942453612803433
-0.025036008589857383644
-0.32565795006628311947
0.17884781162019203204
0.32898165391777678401
-0.49966336656250148751
-0.19151893126057867311
0.15161552011546630681
-0.349987341408231456
0.3584524525327920097
-0.36562022795118037655
-0.25610420167529518443
-0.042553769123437612532
-0.36196806218630289687
0.40557995799483925747
0.0064487572614945198879
-0.11042421762393933582
0.11067162930293494849
0.24739637541842440793
0.04423727062641047425
0.14629349488013621006
0.18148711835666231362
-0.063846122692595652648
-0.21987503411263248365
-0.3746168861525099314
0.16271472124603070242
-0.12198101702960423287
0.45338934609994463454
-0.22565356187525481557
0.28261999145506944142
-0.059850303698069928782
-0.34486653729161603765
-0.10968325702606779304
0.12766857444596868554
0.17336195753374838979
-0.1524858496482641157
-0.27408311019208547732
-0.34387659068626924563
0.092750994672857633994
0.17985202050851301081
0.40105783027876418245
-0.010274559733860655353
-0.16920930778174897435
0.29872321040413696291
0.13512744673779819582
0.22517368851605490399
-0.43553791448266904185
0.32332882745489299747
-0.10660773588005284518
0.17067411423154965622
-0.42687240932754172418
-0.49977829414526925289
-0.46995006005328471277
-0.424954922368883381
-0.4126805374217364375
0.36126481094283702244
0.048384578909945297198
-0.43852053427405696118
0.49881537152558896864
-0.069261689948160232166
0.18194696514709896018
0.16232903974497936428
-0.14458307474690829109
0.32569148902707889537
0.46697714297837633612
-0.090228661297653778295
-0.14566750738560002576
-0.077255394676885302818
0.33171214411806426714
0.0021723056049585132143
-0.39843045920331504606
-0.4897346205673629993
0.16108857881990557015
-0.35179124468760819555
0.26674629678177308456
0.099723448701252936921
-0.28889549373240103192
-0.43182854453136981787
0.16969074981208620567
-0.3397685702485919168
0.4807987651805291085
0.013734013018786295213
-0.172941947729369494
0.30415602025335086722
0.11767442743856904031
0.15865177147353726195
0.28893438840907370579
-0.047647513059196289209
-0.45612758183412377422
-0.34061415668992151007
0.49126847851577570836
0.12395895507741261365
-0.47619280334856356474
-0.35205350628368575761
-0.39332546864820677746
-0.24348811220633709285
0.15419460065038692598
0.42726827300244996088
0.071750510444060333626
-0.00093420451990816610888
0.4221084421678744647
-0.36909214194417300225
0.39870703987889355435
0.14282124372997484496
-0.26403707148524840909
0.26771404355128658459
-0.32508133170352554453
0.091943961508028748675
-0.039884485879754405513
-0.39257662740774262877
0.43718694758192466754
-0.30440923893677168666
-0.13440168163411519986
0.13680870213069296071
-0.22988172757758967846
-0.40526237278696203292
-0.19964969730363063549
-0.12321931998587903889
0.30690603179992992366
0.045038812873662625869
0.42225183025961077199
-0.36066573636446447315
0.32698965024299930793
0.48580922584067931513
0.48317127019547623235
-0.20063271728759729529
-0.39955839684770338982
0.26404338485528067171
-0.059955638650076414908
0.1400039773683389166
-0.40221685893572683979
0.46407350012676884532
-0.10464328172240128234
0.4655443552261344653
-0.49230875167169446671
-0.20613003750100783451
-0.030652929330090283866
