-0.365636
0.347434
0.263775
-0.244931
-0.00456491
-0.0505089
0.151593
0.288723
-0.40614
-0.471653
0.335765
-0.0672329
0.26228
-0.497894
-0.0546128
0.22154
-0.271238
0.445271
0.401427
-0.46941
-0.474554
0.0414125
0.439149
-0.118796
-0.283401
-0.0778834
-0.470959
-0.278308
-0.0621124
-0.00418776
-0.266916
-0.269133
-0.281219
-0.0403965
-0.210218
-0.47851
0.337578
0.0564543
0.142294
-0.314094
0.492543
0.359947
-0.37911
-0.167305
0.221484
0.211192
0.436441
-0.077893
0.330036
0.170306
-0.196631
0.0875806
0.382479
0.346197
0.00528382
0.0890023
-0.465474
-0.25726
0.297404
-0.085686
-0.326993
0.0487988
0.203041
0.174486
-0.125297
-0.0610384
0.00842649
0.278443
0.0209384
-0.106745
-0.0103065
-0.470425
-0.456513
0.203382
0.483188
0.0931837
-0.1064
-0.329651
0.00223856
0.482077
0.270523
0.0396174
0.36029
-0.267824
0.0137717
0.452467
0.0777948
-0.0408683
-0.230721
0.0479963
0.457116
-0.494291
0.283655
0.320486
0.38618
0.240503
0.30914
0.0186783
0.0613579
-0.0739093
-0.443877
0.37001
0.0699993
-0.300161
0.00472047
-0.0150749
-0.14321
-0.153922
0.0384788
0.123489
0.112452
-0.0418532
-0.472025
-0.270395
-0.322789
0.0844609
0.361009
0.298439
0.297098
0.316437
-0.244706
0.341745
0.173114
-0.416766
-0.483309
-0.48544
0.255587
-0.250441
-0.390511
0.124802
-0.155577
-0.430485
-0.340374
0.0273804
-0.331855
-0.227086
0.21159
-0.0452984
-0.177998
-0.026229
-0.476365
-0.113443
-0.0790813
-0.311961
-0.391238
0.399819
0.010116
-0.290909
0.105649
0.31704
-0.479182
-0.482135
-0.353538
0.218835
-0.339772
0.204606
0.178176
0.0447022
-0.2794
0.475595
0.297811
0.0165995
-0.276804
0.148506
-0.105102
0.075846
-0.178754
0.130948
-0.441215
-0.201394
0.467903
0.375534
-0.193613
0.358514
-0.189636
0.439288
0.243842
-0.0838277
-0.247642
-0.49152
0.378718
-0.462083
0.319414
0.462201
0.0702806
-0.328483
0.367781
0.473775
0.204023
0.00887375
-0.122031
-0.153069
-0.294238
0.174153
-0.0670499
-0.305881
-0.395576
0.165958
-0.203927
-0.000200078
-0.174654
0.371622
0.399678
-0.481907
-0.299147
-0.172259
0.48705
0.2827
-0.160904
-0.28697
0.174455
0.337701
0.432187
-0.15615
0.382393
0.18711
-0.0155013
0.485508
-0.26536
0.225465
-0.41532
-0.330306
0.410988
-0.287032
0.259116
0.100209
0.341132
-0.131892
-0.159715
-0.208785
0.36742
0.103983
0.454307
0.387265
-0.364654
0.0511705
-0.395725
-0.460862
-0.426807
0.366168
0.288116
0.328506
-0.159103
0.115186
0.281904
-0.12196
0.0707815
-0.276286
-0.418257
-0.233276
0.390768
0.0644468
0.425067
-0.0422307
-0.222817
0.287015
0.327768
-0.487618
0.170412
-0.408317
-0.384898
0.38506
-0.459976
-0.260367
0.488158
-0.0789864
-0.384442
-0.332617
-0.25858
0.244006
-0.397166
0.410764
-0.121723
0.470264
0.409223
-0.205976
-0.24659
-0.0229899
-0.399871
0.15205
-0.46038
-0.489494
0.482584
-0.20445
0.0965706
-0.0501555
-0.186719
-0.437035
0.413392
0.469813
0.469797
-0.388638
-0.284807
0.117807
0.479953
0.0429132
0.18819
0.161834
-0.240914
0.0416023
-0.192679
-0.253619
-0.418631
-0.219213
0.483377
-0.0520978
0.152011
0.143466
0.440735
-0.109521
-0.193216
-0.172759
-0.183265
0.347135
0.3935
-0.197191
-0.165667
0.0442254
0.0789854
0.0959625
-0.254902
-0.479626
-0.256241
-0.427672
0.0512048
-0.429084
-0.42487
0.135382
-0.209178
0.292185
-0.00673896
0.362649
-0.34582
0.00142959
0.294983
-0.422893
0.449228
-0.326758
0.276209
0.484896
0.32155
-0.180216
-0.393122
0.0143583
0.419357
-0.206511
0.393759
-0.358319
0.410482
-0.46824
-0.183931
0.403088
0.303856
0.407154
0.340719
0.246185
0.189595
-0.321845
-0.067362
-0.342103
0.214824
0.167779
-0.247414
-0.435586
0.463386
0.308253
0.0492699
0.0413777
0.351293
-0.0466903
-0.10429
-0.161331
-0.242031
-0.475591
0.146439
-0.0833161
0.0706036
-0.437678
-0.145057
-0.361716
-0.374871
-0.240887
0.328934
-0.102203
-0.0989178
0.112445
-0.26647
-0.492523
0.0287017
0.00089962
0.14884
-0.061683
0.186513
0.231422
-0.261625
-0.00492775
-0.0211731
-0.274938
-0.0877539
0.0604074
0.40694
0.417707
-0.224775
0.146415
-0.451803
-0.428449
0.0116917
0.377424
-0.340532
0.266028
0.38301
-0.188198
0.192557
0.348991
-0.128386
0.201283
0.236418
0.0945778
0.356277
0.396604
0.460079
0.0712327
-0.323724
-0.249405
-0.282381
0.0695173
0.25775
-0.447867
0.181636
0.217153
-0.152018
0.0150558
-0.335202
0.229896
-0.459291
0.481221
0.307944
0.128449
-0.232474
0.412863
0.459439
-0.360874
0.275757
0.341931
0.159717
0.200408
-0.0549413
0.424308
0.471208
-0.117647
0.302712
-0.0670784
-0.335246
-0.174533
-0.37367
0.408885
0.459424
-0.380813
0.100679
-0.0917759
-0.38191
-0.204524
-0.251784
0.249577
-0.495991
-0.310161
-0.0612269
-0.478965
0.127527
0.105628
0.335332
-0.293394
-0.215218
0.0423394
-0.226774
0.0857381
-0.249118
0.183527
0.291091
0.308655
0.473616
0.045377
-0.00919072
0.355698
0.269067
0.0705446
-0.116744
-0.215953
-0.391861
0.307549
-0.381928
0.247265
0.0452871
0.464945
0.261066
0.47352
-0.363406
0.000371474
0.0725783
-0.188749
0.00303249
-0.143181
0.028394
-0.499155
-0.0576857
-0.0504479
-0.195201
-0.100597
0.283087
0.183413
-0.00770087
0.147668
-0.122442
-0.296086
-0.496124
-0.222379
0.0981642
0.381663
0.329421
0.0109602
0.487018
-0.038419
0.334593
-0.0910347
0.244631
0.487592
-0.194663
-0.329687
0.120034
0.0309562
-0.140578
-0.496481
-0.110837
-0.0741305
-0.0947479
0.361245
0.084428
0.233831
0.397909
0.248773
-0.00729795
0.245768
0.140355
0.148745
0.129675
-0.093001
0.129262
0.133733
0.437118
0.282474
0.346268
0.2675
0.315326
0.105462
-0.15055
-0.235417
0.20802
0.373942
0.0442468
-0.34793
0.332975
-0.0154569
-0.0328974
-0.454612
0.0102809
0.244748
-0.0774022
-0.144823
0.156844
-0.480259
0.0071636
0.446127
0.190448
-0.0980763
0.188908
0.104994
-0.291111
-0.292292
0.386025
-0.230931
-0.425115
0.330678
0.0231978
-0.131792
0.0115189
0.236726
-0.331446
0.153067
0.213437
0.315003
-0.230239
0.109666
-0.267886
0.0610447
-0.327637
0.289768
0.366718
-0.170356
-0.277681
0.463788
0.20669
0.343793
-0.469466
0.399393
0.122452
-0.183471
-0.0682344
0.261593
0.285412
-0.310099
0.125887
-0.33437
0.47305
-0.0564234
0.413145
0.228248
0.10626
-0.238016
0.0265923
-0.36138
-0.361902
0.21575
-0.13891
0.251376
-0.259506
0.218158
0.218477
-0.194504
-0.393615
-0.102992
-0.0076385
-0.400026
-0.313239
-0.444657
0.0975136
0.388876
-0.283442
-0.465287
0.203924
0.314911
0.464122
0.113179
-0.157557
0.337869
-0.381933
0.192637
-0.404769
-0.100294
-0.00497712
-0.122106
-0.331402
-0.268283
0.32015
-0.0374242
0.0799327
-0.288093
0.214935
-0.169883
0.0936186
0.409487
0.494393
-0.453782
0.297443
0.357588
-0.180426
-0.116852
0.0802538
0.41884
-0.100071
0.38003
0.258561
-0.347727
0.41368
-0.484819
-0.354822
0.164811
-0.44288
-0.12051
-0.370021
-0.0371107
0.33998
0.406084
-0.46453
-0.439148
0.340624
-0.457185
-0.22641
-0.382563
-0.408962
-0.472377
0.137513
0.244614
0.186771
0.345623
0.163016
-0.110298
0.131063
0.469595
0.141603
-0.256908
-0.439816
0.435166
0.0904955
-0.150385
0.105353
0.0602576
0.0221718
-0.439195
-0.146772
-0.08735
-0.300632
0.380105
-0.0758802
0.162386
0.213546
0.243283
0.221115
0.252209
-0.248419
0.476404
-0.34899
0.418647
0.354569
0.352164
-0.447189
-0.408782
0.313056
-0.0308332
-0.129747
0.484687
-0.459882
0.0314651
-0.0566502
-0.371797
-0.104812
0.207647
0.382316
-0.47538
0.0245096
-0.409623
0.300393
-0.414215
-0.465807
-0.115764
0.232606
-0.186793
-0.369995
0.294572
0.306919
0.35586
-0.196256
-0.0751696
-0.25461
0.0571775
-0.169893
-0.161337
0.283621
0.456296
0.0841403
-0.395312
0.152575
-0.0513883
0.488031
0.219381
0.334786
0.201286
0.035619
0.396818
0.331617
-0.208674
-0.342968
-0.129648
0.0210777
-0.40262
-0.154621
0.0749057
-0.456425
0.314949
0.151117
-0.18635
-0.201679
-0.147384
-0.174711
0.248514
0.00105686
0.0261284
-0.351244
0.414418
-0.174427
-0.172436
-0.431154
0.479412
-0.0203022
0.412885
0.427617
0.469752
0.315629
0.425443
0.422289
0.301368
-0.365419
0.0237117
0.075604
0.492498
0.283949
0.202916
0.246649
-0.138422
0.442314
0.143501
-0.0974254
-0.0354284
0.479755
0.0321284
-0.332202
-0.351645
0.187242
0.0627755
0.406806
-0.3154
-0.0888912
0.22796
-0.449895
-0.400778
0.0457079
-0.234271
-0.393062
-0.238302
0.132141
0.0263774
-0.421503
-0.427189
0.350627
0.143239
-0.326633
0.361834
-0.478151
-0.131895
0.34763
0.210278
-0.216248
0.391281
0.098078
0.365493
0.392793
-0.0745559
0.1756
0.0444763
0.444735
0.298161
0.225819
0.314032
0.49816
-0.243439
-0.298636
0.246783
0.270333
0.0142838
-0.0129242
-0.0962569
0.382697
0.296232
0.0845976
-0.459881
0.351142
-0.0415463
-0.310239
-0.200646
0.191334
-0.494493
-0.379955
-0.197346
0.387191
0.24686
0.470792
0.0430287
0.0719682
0.0513768
0.0256272
0.0420406
0.318568
0.453369
-0.0916992
0.129965
-0.192241
-0.19809
0.00631735
0.0862677
0.0499945
0.47658
-0.337029
0.136664
0.494531
0.236135
0.0659085
-0.131637
-0.0978611
0.436523
0.39533
0.169676
0.398748
0.425164
0.346344
-0.116584
-0.0356354
0.295908
-0.127367
0.249364
-0.0185796
-0.163459
-0.0438517
-0.383491
-0.145503
-0.0848056
-0.481836
-0.327926
-0.239767
0.357884
0.0895771
-0.212855
0.497727
-0.242079
0.0137883
0.23952
0.191321
-0.0664973
0.276998
-0.0142059
0.215465
-0.00862346
0.471495
0.21618
-0.408623
-0.37053
0.466515
-0.270772
-0.473864
-0.246776
-0.0202129
0.452169
-0.10087
0.223506
0.334363
-0.410838
0.111892
0.495784
0.049596
0.0344862
-0.153297
0.446105
0.469599
-0.39683
0.0528339
-0.0803708
0.171646
-0.381353
-0.234666
-0.221247
-0.0202871
0.293283
0.357848
0.286424
0.176807
-0.412807
-0.110283
0.168702
-0.205752
0.0078184
0.405078
-0.383843
0.353877
-0.39417
-0.113636
0.405389
-0.2988
0.0207426
-0.083396
0.387947
0.492065
-0.211407
-0.00752346
0.395005
0.0447957
-0.285375
0.259662
-0.162911
-0.0140256
-0.491438
0.488967
0.157282
0.425813
0.468685
-0.232466
0.040536
-0.0597488
0.259855
0.342386
-0.27144
-0.225435
0.206262
-0.0883569
-0.369798
-0.304689
0.0608493
0.0984944
0.460072
0.03278
0.108981
-0.351145
-0.0861981
-0.220209
0.195423
-0.232943
-0.2856
-0.132316
-0.0294509
-0.161605
0.105732
-0.318796
0.37991
0.194171
0.0347632
-0.441838
-0.173993
0.190107
0.145064
0.311954
0.391509
-0.184634
-0.00626932
-0.169958
-0.372078
-0.359883
-0.243531
-0.411971
0.0388255
0.202922
0.0630726
0.184767
-0.273752
-0.300596
0.0675748
0.384286
-0.0777355
-0.495763
-0.479948
-0.194695
0.115374
-0.415435
-0.27549
0.180691
0.484992
-0.158927
0.101139
0.0184298
-0.476875
-0.170166
-0.360559
-0.249178
0.269981
0.181203
-0.458977
-0.422625
0.224929
-0.39679
-0.18298
-0.230662
-0.450233
-0.46883
-0.360965
-0.100673
0.433706
0.138378
-0.257939
0.179644
-0.226367
0.015238
-0.178172
0.448671
-0.147637
0.303563
0.141193
0.343326
0.10616
0.370385
-0.094837
0.179003
0.120637
0.0277337
0.06444
0.035762
-0.106229
0.398319
0.132729
0.0491231
-0.446061
0.00852811
-0.324853
-0.284977
-0.0653877
0.0459568
-0.249588
-0.229066
0.0301463
-0.0267659
-0.0967125
-0.396246
-0.126522
0.154421
0.0441989
0.0447527
0.343818
0.223163
0.184589
-0.469586
-0.191872
0.182412
-0.344227
0.413473
-0.358073
0.379121
-0.283732
0.34159
0.34823
-0.164535
0.388592
-0.340232
0.34911
-0.118265
-0.0602824
-0.38214
0.101005
-0.230244
0.166879
0.299388
0.103684
-0.491815
0.452335
0.419681
0.142935
-0.120494
0.0619138
0.382812
-0.0404712
0.279218
0.0985589
-0.0777208
0.433527
-0.0915691
0.105779
-0.446726
-0.0292361
-0.462586
0.204133
-0.49941
-0.457934
-0.388874
-0.360425
0.00807836
-0.143712
-0.229097
0.483624
0.409
0.154862
0.302087
0.319708
-0.254827
0.308286
-0.260188
0.0623566
-0.142283
-0.341341
0.276854
0.416342
-0.186301
0.379763
-0.153744
0.157555
0.49579
0.272071
-0.444333
-0.0651273
-0.123697
-0.206068
0.316136
-0.0589798
0.19924
0.134931
0.0189958
-0.443969
0.173035
0.391383
-0.327801
0.142744
-0.0125607
-0.159015
0.210427
0.475199
-0.478335
0.397306
-0.116761
0.333848
-0.325289
0.216592
-0.400304
-0.16439
0.469909
0.156616
0.284524
-0.0386946
-0.028833
-0.00737486
0.273155
0.22325
-0.306232
-0.0593956
0.0420239
0.0714286
0.426771
0.339747
-0.350119
-0.123879
-0.391027
-0.473776
-0.425414
-0.317034
0.266077
0.167221
0.297871
-0.211497
-0.344489
0.4721
0.326025
0.446782
-0.481213
-0.103453
0.133798
0.236075
0.412651
0.0377318
-0.109208
-0.494676
0.303863
0.482158
0.407246
0.162269
-0.157525
-0.26085
0.27502
0.435429
0.460326
-0.324393
0.0853527
0.0131183
-0.0725748
0.294401
0.435782
0.224625
0.200306
0.190615
0.153557
0.036754
-0.252084
0.279477
-0.380907
0.143888
-0.113013
0.0599625
0.141436
-0.0210765
0.478094
-0.260807
-0.487832
0.455258
-0.187992
-0.221927
-0.084441
0.0949667
0.486115
0.207525
-0.18168
0.0346883
-0.0513145
0.00158711
-0.0823918
-0.332382
-0.104516
-0.110911
-0.299281
0.316919
-0.140009
-0.348514
0.0668743
0.344843
0.280561
0.12204
0.231038
-0.163885
-0.357289
-0.24499
-0.150646
-0.220866
-0.0322386
-0.350968
-0.369738
-0.247276
-0.303496
0.301701
0.0375568
-0.301589
-0.0707829
0.371916
0.0776121
0.0539143
-0.108682
-0.304163
0.125405
-0.422851
0.28619
-0.442475
0.246347
-0.117371
0.182411
0.0910054
-0.370824
0.0385021
-0.425832
-0.258782
-0.118331
-0.214329
0.161759
0.486835
-0.143138
0.338597
-0.274901
0.209331
-0.15228
0.0353633
-0.411417
0.327353
-0.291165
-0.0365473
-0.209704
0.310203
0.0925947
0.115185
0.254749
-0.245103
-0.441752
0.328555
-0.184395
0.312271
0.456639
0.129191
-0.396708
0.353987
0.133428
-0.254101
-0.292128
0.00772132
-0.378434
0.40602
0.207862
0.319282
-0.116179
0.423191
-0.366045
0.21625
-0.245396
-0.496368
-0.379109
-0.298456
0.263345
-0.12195
-0.0179694
0.113582
-0.23234
0.138434
0.171572
0.421369
0.00286682
0.355286
0.467752
0.268895
-0.0788082
-0.22802
-0.402268
0.331027
-0.3704
0.0595129
-0.0460693
-0.455154
-0.285662
0.322897
0.0386596
0.424395
0.407974
-0.405972
0.178117
-0.457342
-0.0773334
-0.0582251
0.456873
0.0953175
-0.309999
0.00974731
0.0218289
-0.302925
-0.140269
0.377495
0.481471
0.276866
-0.435498
0.405877
-0.0415406
0.334056
-0.32322
-0.352315
0.406662
-0.214477
-0.456945
0.0010482
0.490568
0.335498
-0.1037
0.493073
0.29667
0.342066
0.146107
-0.105619
0.40571
-0.0293708
0.434642
0.0521911
0.409857
-0.0228436
-0.0731792
0.0886823
-0.18269
-0.350602
0.0893324
0.350963
-0.222224
0.365021
0.287129
0.275676
-0.0848698
0.498757
0.290878
0.0756488
-0.38649
0.0738155
-0.485619
0.402209
-0.163303
-0.131655
0.0508832
0.137464
0.0827271
-0.0150748
0.134355
0.347142
-0.0537906
7.93779e-05
0.310347
-0.496594
-0.33929
-0.17497
-0.286063
0.39601
-0.351784
-0.392113
-0.182799
0.00864075
0.321481
0.495651
0.35187
0.108838
-0.462398
-0.436536
0.130736
0.319882
-0.234488
0.469219
0.0503873
0.0737712
0.118622
-0.425086
-0.329612
0.436192
-0.232705
-0.416707
-0.217571
0.226146
-0.237191
-0.289418
-0.222871
-0.0195784
0.237549
-0.198677
0.37351
0.475882
0.322016
-0.424875
-0.184541
0.425786
0.359384
-0.366747
-0.0577757
-0.136058
0.24747
-0.47129
-0.184523
0.24978
0.38687
-0.459374
0.0883534
0.163609
0.372917
-0.0754206
0.47305
-0.302574
-0.385237
-0.369954
0.0867238
-0.37756
-0.233403
-0.303698
-0.444706
0.462383
-0.165075
0.464016
0.223234
-0.280231
0.432547
-0.490648
0.481655
-0.467736
-0.246687
0.0519572
-0.490822
0.264712
-0.415346
0.317086
-0.464896
0.0281577
-0.290563
-0.211236
-0.00951559
-0.128622
-0.10802
0.15343
-0.304759
-0.318499
0.184394
-0.203037
0.432955
-0.0737599
-0.0259789
-0.47683
-0.479344
-0.395232
0.125628
0.164543
0.452198
-0.0675306
0.207671
-0.156398
-0.425938
-0.0798146
0.201624
0.304224
0.451984
0.332173
0.0636144
0.050366
0.00109519
-0.0223935
0.180492
0.0757063
0.357162
-0.0499258
-0.0288251
0.332079
0.175636
0.024451
0.0634465
0.305704
0.107382
-0.24085
-0.189757
0.104605
-0.454152
-0.0424236
0.391907
-0.267856
-0.055844
0.199505
0.425504
0.196273
0.12583
-0.116105
-0.0626407
0.141947
-0.14368
0.284871
-0.491809
0.251418
0.242047
-0.19356
-0.485039
-0.161841
0.0891858
0.286947
0.370366
-0.291437
-0.418263
-0.380114
0.489048
0.145437
-0.371635
0.190765
0.459478
0.107437
-0.267428
0.46239
0.200553
-0.317016
0.266218
0.00417464
0.074043
-0.134213
-0.206248
-0.0795634
0.0264022
-0.038557
0.366266
-0.425794
-0.301011
0.437505
0.107858
0.11753
0.12975
-0.256505
-0.105321
-0.289852
-0.348017
0.489512
0.243814
0.379137
-0.498537
0.204471
-0.192738
-0.00208928
0.175251
-0.468813
-0.129241
0.0538955
0.374378
0.0132069
-0.182417
0.103761
0.0836119
-0.207711
0.0480517
-0.223877
-0.488707
-0.189275
-0.413569
-0.00810875
0.0011489
0.370222
0.247907
0.249378
0.489644
-0.235322
-0.127264
-0.269443
-0.397513
0.0152291
0.0113284
-0.370275
0.422541
0.478503
-0.431694
-0.496829
-0.438203
0.23173
0.352521
-0.433833
-0.491038
0.0379466
-0.167289
-0.481262
-0.491201
-0.288641
-0.29989
-0.204637
0.0506658
-0.24862
-0.266483
-0.289251
0.387001
-0.261409
0.0553302
-0.0473666
-0.168595
-0.0932398
-0.484009
-0.314952
0.140139
0.261487
-0.28163
-0.32347
0.405693
-0.40222
0.29486
0.378052
-0.353701
0.332974
-0.349943
-0.456893
-0.213767
-0.155677
0.0895402
-0.0574782
0.293457
0.164767
-0.380806
-0.297632
0.246163
-0.384065
0.452635
0.31156
-0.280163
-0.213889
-0.247875
-0.0771559
-0.25136
-0.467737
-0.248233
-0.305201
-0.150076
-0.0457352
0.374312
0.159556
0.115482
0.364529
-0.113467
-0.0739061
-0.255505
0.330202
0.377361
0.410829
0.104927
-0.386162
-0.427731
0.297535
0.385466
0.0322689
0.420767
0.430773
0.254751
-0.129455
-0.0436581
-0.148116
-0.10395
-0.0286846
-0.48289
-0.372655
-0.331984
0.0668152
0.371609
0.211396
-0.350505
-0.0423161
0.127304
-0.364809
-0.420311
0.112038
-0.264572
0.145057
-0.328457
0.355905
-0.19026
-0.0716412
0.0499663
0.386348
0.416377
0.344792
0.184516
-0.430812
-0.313211
0.0346065
0.485128
0.226147
-0.308336
-0.144003
0.462465
0.007746
0.370318
0.357995
0.281766
0.127042
0.165843
-0.157923
-0.379585
0.448561
-0.46737
-0.229115
0.113896
0.464932
-0.289832
-0.25303
0.347908
-0.172934
-0.0970447
-0.14026
-0.450547
0.441822
0.19773
-0.493174
-0.402856
-0.364546
-0.131113
0.390322
-0.35914
-0.271923
-0.188556
0.0106944
0.40109
0.0394572
0.403554
0.041927
-0.0678759
0.371464
0.0808353
-0.025023
0.0124511
-0.14437
-0.0668986
-0.425841
-0.294784
0.262997
-0.366416
-0.291752
-0.336406
-0.137118
-0.450712
-0.139671
0.109694
0.177974
0.367347
-0.412922
0.143823
-0.303686
-0.157575
0.0751294
0.337953
0.170609
0.485299
-0.482052
-0.18391
-0.0196371
-0.463794
-0.447627
-0.133228
0.0591585
-0.364485
-0.431694
-0.181164
0.241522
0.067173
0.496804
0.105104
0.390396
0.0728891
-0.0190799
-0.0844547
-0.428509
-0.437069
0.158407
0.359173
-0.480952
-0.319773
-0.172533
-0.186932
0.334196
-0.2476
-0.193786
-0.0124159
0.450807
-0.205485
0.133704
-0.451401
-0.0685599
0.427213
-0.282595
-0.143538
0.154145
0.0655414
0.0760315
0.108553
0.175387
-0.177336
-0.148284
-0.102994
0.022337
0.0670017
0.373965
-0.104164
-0.0507523
0.332654
0.471075
-0.257104
0.23043
-0.252388
0.24112
-0.461473
0.00712847
0.0699787
0.199591
0.417031
0.295095
0.0630805
-0.00282524
-0.486774
0.0526657
0.0622244
0.242102
-0.334602
0.0886615
-0.448417
0.2259
0.321608
-0.0622238
0.187686
0.162311
-0.196401
-0.411755
0.257998
-0.142923
-0.338624
-0.0577933
0.332941
0.454186
0.0673387
0.469856
-0.326575
-0.00958257
-0.491623
-0.266033
0.37656
-0.440606
0.15443
0.00954128
0.487577
0.493596
-0.376659
-0.237926
0.491419
-0.170056
-0.319521
0.411773
0.117222
-0.191842
0.0543866
-0.0725929
-0.0420151
0.0521241
-0.330222
0.115603
0.455169
0.0920398
0.2875
-0.217464
-0.345404
-0.493562
0.481319
-0.380938
-0.119985
0.154723
0.2346
0.118133
-0.0604373
0.314934
-0.0576402
0.335304
-0.445975
0.22201
-0.402702
-0.112439
-0.0566125
-0.318013
-0.0510516
0.352894
-0.463592
-0.306082
0.475616
-0.0500336
-0.110264
0.412647
0.275873
-0.326477
0.0978861
-0.319595
0.275721
0.0564328
0.29859
-0.435073
0.428006
-0.270189
0.349781
-0.0584025
0.38885
-0.398358
-0.446207
-0.0317117
0.430468
-0.0346861
0.00747185
-0.335808
0.0410325
-0.0727926
0.387914
0.240951
-0.0222374
-0.351045
-0.354045
0.471248
0.111016
-0.275027
0.310977
-0.283878
-0.0460058
0.377176
-0.396597
-0.397048
-0.447417
-0.348296
-0.125468
-0.178354
-0.219877
-0.485837
-0.012882
-0.05463
0.240798
-0.196904
0.0811867
-0.186854
0.252995
-0.325854
-0.0106494
-0.0542219
-0.0412611
0.0381134
0.0361381
-0.183652
0.324108
0.451486
0.0590075
0.135496
0.223645
-0.180192
0.0922905
-0.037409
-0.0155676
-0.105862
0.0362592
-0.281865
-0.258977
-0.299839
0.0944881
-0.254671
0.28063
0.405301
0.259727
-0.171719
0.442636
-0.155717
-0.138435
0.0952787
0.160677
-0.0911614
0.286666
0.353525
-0.211393
-0.275398
-0.10256
0.198608
0.169823
-0.324373
-0.111302
0.401859
0.459905
0.104225
0.280118
0.339803
-0.277807
-0.434119
0.111359
-0.115308
0.210752
-0.206321
-0.0660376
0.308291
-0.406752
-0.0921581
-0.346758
0.033614
0.232771
0.487187
0.253468
-0.355749
-0.0629939
0.0421891
0.137761
0.200843
0.473307
0.442207
-0.291439
-0.341616
0.470032
-0.339479
0.468226
-0.380163
0.0849505
-0.370117
-0.366201
-0.166166
0.293745
0.202264
-0.182726
-0.362912
-0.141373
-0.325849
-0.264981
-0.00304969
-0.0112767
0.422612
-0.41024
0.0328912
0.0648106
-0.35723
-0.139485
-0.36213
0.393642
-0.151458
-0.435148
-0.0248247
0.0290371
0.387224
0.219086
-0.293862
0.408352
-0.494942
0.197194
-0.457842
0.319685
-0.310602
0.297285
0.313419
0.271483
-0.38985
-0.0997187
-0.395203
0.21863
0.494062
0.0227291
0.151965
0.167057
-0.357283
-0.128538
-0.151103
0.250623
-0.0886139
-0.131953
0.048998
-0.294059
-0.434708
-0.261998
-0.479152
0.169462
-0.043239
0.11665
0.0677528
-0.445809
0.315076
0.318872
-0.492414
-0.0698147
0.285724
-0.0845541
0.359787
0.195204
0.16063
0.405767
0.278957
0.0849666
-0.452699
-0.0455271
0.188739
0.0231612
0.0847365
-0.150647
0.341192
-0.254562
0.139539
-0.0632466
-0.351261
-0.480923
-0.37008
-0.211785
-0.027635
-0.473235
-0.432863
0.29641
0.480234
-0.0689918
-0.0302119
0.102695
-0.403131
0.0386839
0.174018
0.444273
0.143167
0.0449016
-0.0898781
0.411822
0.0233497
-0.0224092
0.233775
-0.0621351
-0.432747
0.0918324
0.366014
-0.130687
-0.403825
-0.394288
0.406332
-0.38891
0.154201
-0.412493
0.0123695
0.411193
-0.265528
-0.192627
0.11136
0.073475
0.0604822
-0.107964
-0.459106
0.0952349
-0.223233
0.120424
-0.0621135
-0.231382
0.495789
-0.178363
0.471048
-0.0222901
0.0340154
-0.231118
-0.326188
0.206146
-0.0444563
0.0851686
-0.317406
0.00996613
0.158686
0.259758
0.166547
-0.0862115
0.185247
0.0968715
-0.0225956
0.130301
-0.193638
-0.436833
-0.352164
0.47272
0.392709
0.327034
-0.240827
0.338852
0.289559
0.0412105
-0.197014
-0.393168
0.497788
0.498774
0.350911
-0.0542464
0.229641
0.410495
0.0419882
-0.374872
0.476269
0.0377335
0.269627
0.122512
-0.435226
-0.0380329
-0.488025
-0.2341
0.461536
0.191461
0.0656918
-0.387956
0.185241
0.105445
0.137463
0.188335
0.427896
-0.0526365
0.111002
0.0297609
0.0890238
0.179343
-0.312036
-0.444454
-0.383669
-0.45729
0.055094
-0.194891
0.284647
-0.3381
-0.349817
0.365607
-0.410329
-0.147116
0.19005
0.0627134
-0.23318
-0.365303
0.0777434
-0.25188
0.356091
-0.235147
0.433097
-0.478239
0.110919
-0.21766
-0.0253874
-0.063483
0.309102
-0.314738
0.2678
-0.465953
0.136739
0.323673
-0.0705906
0.349077
-0.145217
-0.145024
0.410838
0.490397
0.289186
-0.270541
0.442362
-0.134464
0.367664
-0.178121
-0.28236
-0.242292
0.190933
0.47956
0.0209525
-0.392803
0.184718
0.398556
0.28152
-0.498163
-0.187814
0.276527
0.201345
0.496081
0.398185
0.298222
0.189549
-0.119451
-0.464996
0.268165
-0.0429387
0.365
-0.368221
0.357156
0.145434
0.386127
0.201279
-0.0638453
0.0160212
-0.401643
-0.257514
0.074942
-0.322219
-0.141512
0.143179
0.0947471
0.393825
-0.0667958
0.0536441
-0.0781564
0.254874
0.125681
0.44535
-0.35852
-0.372796
-0.207521
0.116255
0.138528
-0.298433
-0.228584
0.0954251
-0.23562
0.329889
-0.393405
0.282619
-0.34697
0.214201
0.282102
0.443421
0.402076
-0.475514
0.161039
0.410419
0.270279
-0.0458196
0.250273
-0.215909
0.303084
-0.0936589
0.470905
-0.47211
0.0827127
-0.370054
0.266139
0.470502
-0.00803642
0.341328
-0.266986
-0.471857
0.303234
-0.0894559
-0.415958
0.172756
0.401111
-0.416213
0.110792
-0.152388
-0.457557
-0.426779
-0.454654
-0.193296
-0.192117
0.0374521
0.120739
0.350436
0.356231
-0.328868
0.127649
0.376659
-0.250091
0.103009
0.488275
0.134388
0.201516
-0.189212
0.492517
0.331452
-0.17724
-0.198203
-0.495201
-0.0188484
0.373411
0.284914
-0.352447
-0.258322
-0.338765
-0.240364
-0.297424
-0.335008
0.0531797
0.414248
0.354608
0.121329
-0.183805
0.408347
-0.288974
-0.461319
-0.283995
0.290064
0.200683
-0.189199
-0.280184
0.137256
0.0115183
0.294096
-0.0541566
-0.416577
-0.429546
-0.269097
0.0235791
0.214744
0.056127
-0.490226
0.452959
-0.0418389
0.0403437
-0.307791
-0.256611
-0.285821
0.106454
0.408678
-0.235883
-0.150547
-0.212509
-0.470916
-0.489498
0.280974
0.47752
-0.457611
-0.423088
-0.0478454
-0.195772
-0.253367
0.36977
-0.306933
-0.305323
0.406033
0.123181
0.186042
0.168361
-0.474211
0.477941
-0.471236
-0.272593
-0.0247828
0.337617
0.449451
-0.491159
-0.361612
-0.484023
-0.362876
0.413754
-0.415295
0.0391623
-0.305158
-0.492088
-0.220289
-0.24106
0.0427902
0.373768
0.0300906
0.0332773
-0.221055
-0.320056
-0.0207106
-0.106026
0.401717
-0.291729
-0.474365
-0.448329
-0.182844
-0.281136
-0.103102
0.380264
0.228169
0.0933926
0.331941
0.379073
-0.435064
0.18914
-0.368891
-0.0892387
-0.110388
-0.228402
-0.455619
-0.305698
0.206366
0.457324
0.40957
-0.477122
0.0695692
-0.309285
0.0208717
0.0335788
-0.337615
-0.41207
-0.0195779
-0.447384
0.341057
0.388675
-0.485143
0.300864
0.338693
-0.460255
0.0871582
-0.0251186
-0.324781
0.318798
0.0663042
0.312342
0.435117
0.469879
0.16262
0.372867
-0.436552
-0.162101
-0.0251607
0.0122117
-0.132429
0.316987
0.0823249
0.346625
-0.0569272
0.441771
-0.144141
0.493204
0.0663233
-0.122773
0.120629
-0.393743
0.186879
0.0998398
0.305191
-0.424305
-0.0805147
0.0862391
-0.43917
0.262618
0.400412
0.125694
0.264161
0.444426
-0.0453416
0.0119031
0.388191
0.176765
-0.223307
0.0894124
0.267396
0.344181
-0.370206
-0.332888
0.187462
0.21598
0.229542
-0.0107342
-0.116265
0.460421
-0.24526
-0.213235
-0.475197
-0.415539
0.125266
0.162707
-0.28109
0.240088
-0.329563
-0.128029
0.136744
0.277333
-0.0471717
0.308358
-0.0279485
0.163911
0.333508
0.0626931
0.0625261
0.432922
-0.465973
-0.481258
-0.463603
-0.189065
0.0376134
0.117882
0.181387
-0.482961
0.373884
-0.262467
0.467424
-0.154167
0.344781
0.212666
-0.477087
0.0120631
-0.106294
0.493385
-0.268022
-0.104986
-0.325768
-0.495312
0.0383971
0.120081
-0.337442
0.337527
-0.277886
0.437356
0.173402
0.47126
-0.0621162
0.33839
0.105226
0.21497
-0.0894713
0.0113824
-0.228131
-0.163001
0.425548
-0.421701
0.332164
0.249975
-0.337999
-0.0694327
0.335297
0.00881827
0.00780581
0.0037799
-0.32808
0.490716
0.248343
-0.214428
-0.152683
0.207633
0.370118
0.0514984
-0.213645
-0.141167
0.0447052
0.386337
0.203925
-0.274456
-0.47994
0.157442
-0.236698
0.376634
-0.339548
0.496298
0.300763
-0.247637
-0.48429
0.320734
-0.389484
-0.347937
-0.115638
-0.327421
-0.405188
0.049206
0.15478
0.285318
-0.442102
-0.448707
-0.0276543
0.2417
-0.292134
0.0954936
-0.389468
0.398653
0.373541
0.436355
-0.110926
-0.417383
0.317534
-0.0586136
-0.150507
-0.0726142
0.209182
0.228068
-0.0641687
-0.233465
-0.349146
-0.447156
0.462217
0.467278
-0.432723
0.0930102
0.473146
0.0758946
0.470666
-0.35469
0.21934
0.341282
-0.385411
-0.295663
0.446666
-0.266855
0.116525
0.411761
0.211315
0.273054
-0.200953
0.349547
-0.361698
-0.100045
-0.0108417
0.203918
-0.465913
-0.424801
-0.131877
-0.344349
0.409667
-0.0563357
0.0892439
-0.0738587
0.359264
0.425586
0.400338
-0.418871
0.110896
0.276961
0.417537
0.0561572
-0.0300814
-0.323832
-0.491838
-0.475921
-0.221426
0.220304
-0.0977426
0.0418688
-0.228663
0.473299
0.42035
-0.235981
-0.115701
-0.394614
-0.104708
-0.258588
0.226625
-0.187292
0.185887
-0.47345
0.20677
0.137329
-0.209589
0.271043
0.364186
0.40578
0.194484
-0.0608829
0.0848134
0.262036
-0.184242
0.383368
0.286674
0.194338
0.259003
-0.448809
0.312998
-0.0533708
0.186471
0.150711
-0.0764642
0.235754
0.357715
0.49444
-0.482493
0.414913
0.275066
0.0956492
0.26225
-0.151761
-0.0954977
-0.459394
0.428404
0.307314
0.0164268
0.112606
0.323895
-0.33381
0.0702704
0.223071
0.082774
0.476728
-0.243685
0.179349
0.279093
-0.109205
0.440255
-0.0879759
-0.353539
-0.32961
-0.106878
0.486954
0.414916
0.399604
0.163174
0.00333025
0.142341
0.105174
0.454728
-0.107073
-0.108174
0.229224
0.303779
0.239325
-0.340413
0.133577
-0.231165
-0.225831
-0.244552
-0.49118
-0.380407
0.171805
0.295919
-0.393134
0.446698
-0.0341724
0.282458
-0.458475
-0.420068
0.314545
-0.403484
-0.462556
0.157563
-0.456179
-0.0850579
0.315142
-0.385956
0.342625
0.410121
0.475061
0.114144
0.32134
-0.340768
0.0741226
0.375392
0.365529
-0.328404
0.328717
-0.101949
0.0124774
0.297251
0.168253
-0.174023
0.355965
0.430771
0.308548
-0.450203
-0.484826
0.0754863
-0.400574
-0.412878
0.37121
-0.452426
-0.21883
-0.195007
0.432542
0.446729
0.28458
-0.0413659
-0.382766
0.463807
-0.27653
0.141163
0.278481
0.00970677
0.385503
0.438915
-0.133963
0.209398
-0.405597
-0.0690817
0.172174
-0.225216
-0.12677
0.259467
-0.288965
0.422333
-0.359131
-0.277029
0.114395
-0.269929
0.339958
-0.141172
-0.372756
0.169036
-0.0725624
0.123906
-0.388063
-0.446983
-0.204666
0.0151555
-0.300929
-0.291787
0.336159
-0.257957
-0.152982
0.371296
0.4979
0.272241
-0.35947
0.264693
-0.409569
0.299518
-0.223989
-0.280753
-0.0738643
-0.357793
0.166868
0.323129
0.166362
0.297427
-0.338732
-0.227457
0.337398
-0.173474
0.24694
0.0668827
-0.350667
-0.278668
0.423278
0.40193
0.0959612
-0.484055
-0.483221
0.437738
0.298656
0.19787
-0.240435
0.408684
-0.426936
0.188031
0.188193
-0.129685
0.312712
-0.310441
0.462222
0.432896
-0.160945
-0.17022
0.294891
-0.156942
0.088535
0.191115
0.445242
0.253986
-0.224141
-0.14674
-0.424963
0.304323
0.344694
-0.276964
-0.027987
-0.153866
-0.217184
-0.470738
0.0947147
0.450486
-0.32895
0.254193
0.27302
0.0354662
0.348054
-0.0766955
0.121183
-0.431981
-0.34728
0.0870318
0.342222
-0.0258532
0.433593
-0.00624728
-0.0898605
0.28362
0.420646
0.400989
0.159511
-0.28505
-0.1912
0.0575115
-0.463816
-0.201202
0.287965
-0.248902
0.148193
-0.196124
-0.366632
-0.166543
-0.178827
-0.222107
-0.189407
0.418603
0.0747533
-0.00278322
-0.235821
-0.210218
0.299318
-0.165981
-0.350962
-0.112736
0.173353
0.440736
0.332972
-0.00511591
-0.331507
0.38607
-0.460432
0.0828383
0.471528
-0.183027
0.0229033
-0.194524
-0.084477
-0.39119
0.117596
0.201415
-0.370775
-0.489591
-0.258567
-0.145678
-0.0654484
0.212367
0.0203193
-0.467325
-0.480973
-0.056424
-0.331529
0.308204
0.245974
0.304155
0.116855
-0.290546
0.292108
-0.210705
-0.335043
-0.461106
-0.10962
0.454982
0.184175
0.159985
-0.120002
-0.0638473
0.409615
0.498928
-0.166382
0.0878734
-0.0130753
-0.296832
0.0113593
-0.41107
0.296162
-0.0953693
0.154309
0.280279
-0.264552
0.447681
0.486945
-0.0146768
-0.427775
0.139508
0.178512
-0.281831
0.277957
-0.218085
-0.23993
-0.4147
0.118978
0.256
0.194303
-0.194525
-0.202699
-0.44608
-0.324456
-0.245579
-0.291201
-0.457855
-0.10075
-0.490066
0.00327635
-0.497267
-0.118334
-0.403191
-0.338053
0.196816
-0.427377
0.280428
0.180429
0.140818
0.0307766
0.222174
-0.279686
-0.0938572
-0.482134
-0.495771
-0.0843038
0.116881
0.465483
0.338906
-0.446618
0.417381
-0.104201
-0.0856
-0.340821
-0.408424
-0.0480658
0.0444085
0.352176
0.164602
-0.308192
0.0958309
0.320787
-0.252593
-0.207539
-0.242222
0.472145
-0.352874
0.132451
-0.138326
0.224834
0.000279871
-0.281085
0.359684
0.0370988
-0.478039
-0.281411
-0.331275
-0.177931
-0.337197
0.145241
0.108492
-0.112116
-0.242485
0.135219
-0.124483
0.267977
0.363952
0.21959
0.439124
-0.198642
0.351135
-0.0943004
0.357921
0.117417
-0.213411
-0.219729
0.357015
-0.0166908
-0.34734
0.0800939
-0.358502
-0.438819
-0.239787
0.275028
-0.291822
0.363474
-0.459739
-0.162899
-0.495724
0.187966
0.115148
0.284405
0.315603
0.40778
-0.0763614
-0.133371
0.108563
-0.014046
-0.306423
-0.0674454
-0.108421
0.388903
-0.419101
0.226825
0.205995
0.413967
0.0684346
0.205314
-0.376899
0.373635
-0.448063
0.108034
-0.387316
-0.270809
0.18758
-0.116342
0.186132
-0.279897
-0.404156
-0.15313
0.00574243
0.309786
0.366383
-0.121592
0.442674
0.0632482
-0.315769
0.0036448
0.17987
0.262989
-0.3805
0.47253
0.056997
-0.495096
-0.214537
0.332193
-0.445582
-0.188192
0.178426
-0.372569
0.217937
0.0894272
-0.231569
0.31036
-0.427048
-0.306663
0.264399
0.102031
-0.283407
-0.10742
0.348299
-0.326882
-0.435558
-0.00149226
-0.29609
0.182544
-0.255475
-0.310715
0.11379
0.459608
0.0483217
0.466225
0.491591
0.251574
0.0740778
-0.12783
-0.421132
0.028278
-0.32071
0.0669455
-0.0664546
0.0568147
0.0757039
0.0600257
0.427534
0.0539048
-0.382467
0.384403
0.241574
-0.132275
-0.0562409
0.0622407
-0.108242
0.169655
0.498109
-0.447671
0.417525
0.490044
0.36298
-0.0366331
0.163251
-0.0333398
-0.126786
-0.343766
-0.29902
-0.0227633
-0.217832
-0.291946
0.109031
-0.217328
0.33231
-0.411928
-0.273026
-0.0755833
-0.285803
0.336991
-0.00780261
-0.43832
-0.295993
0.198634
-0.191016
-0.200603
-0.289243
-0.487513
0.258293
-0.174415
-0.256006
-0.394743
0.00538874
0.238772
0.447077
0.432643
-0.482753
-0.00402911
-0.0147102
0.0492332
-0.0734851
0.42757
0.0939311
-0.0640672
0.462757
0.0178869
-0.49188
0.12704
0.465088
0.153146
-0.300268
0.338265
-0.464243
0.347067
-0.365128
0.341186
-0.321522
-0.353637
-0.248372
0.00397469
0.192259
0.01243
-0.42904
0.447089
0.338569
-0.133375
-0.462357
-0.0906476
0.463079
0.45389
-0.331162
-0.302905
0.476832
-0.16142
0.196043
0.428946
0.325813
0.304332
0.112661
0.307756
-0.264771
0.404122
-0.286954
-0.376736
0.269664
0.491409
0.259009
0.123155
-0.411019
0.02832
-0.321467
0.0407513
-0.0902404
-0.359724
0.0440127
0.291462
0.214789
-0.359813
0.436336
0.43198
-0.1413
0.477789
-0.309499
-0.0997291
0.34096
-0.414069
-0.105673
-0.490191
-0.288427
-0.143944
0.334021
0.125308
-0.405126
0.296524
0.258988
-0.193307
-0.32671
0.234865
0.437571
-0.28075
-0.17003
-0.167585
0.466967
-0.449041
-0.481408
-0.318049
-0.0375916
0.465872
-0.463265
0.297633
0.0254219
0.390219
0.463899
0.217915
-0.250094
0.410401
-0.488137
0.487945
-0.0866942
-0.230029
0.383011
-0.00153465
-0.114252
-0.194752
-0.0807843
-0.251803
0.0179434
-0.0640245
-0.236018
-0.494172
-0.348457
0.281135
0.208605
0.423721
-0.350856
0.426507
0.387264
-0.149918
0.454501
0.483817
0.345624
0.0569177
0.371066
-0.345655
-0.367251
-0.36115
0.194751
0.460143
-0.305685
-0.363148
0.385396
0.378168
-0.372801
-0.466572
-0.221761
-0.226985
-0.492584
-0.354643
0.335149
-0.436241
-0.0438071
0.216507
0.214081
-0.190585
-0.366325
-0.0739151
-0.13999
-0.0520775
-0.207625
-0.0248117
0.474381
-0.492021
-0.270064
0.34908
-0.000523507
0.283918
-0.420848
0.489901
-0.497491
0.286217
-0.254549
0.211706
0.304714
0.234493
0.454814
-0.277511
0.352132
0.117675
-0.316666
-0.281809
-0.40942
0.402514
-0.169622
-0.153085
-0.378003
0.30309
0.0562247
-0.29532
0.295228
0.0364075
0.292675
0.205855
-0.0686492
-0.143629
0.392819
-0.318908
-0.398369
0.358706
0.187417
0.425778
0.110654
0.499269
-0.0686038
-0.436589
0.16596
-0.248305
-0.107948
-0.131631
-0.17363
0.016626
0.0986355
-0.429303
0.393238
-0.152363
0.237258
-0.153412
-0.380623
-0.170714
-0.274728
-0.195867
0.168164
0.178527
-0.30849
0.205306
0.116036
-0.337693
0.0800602
-0.443051
0.160614
-0.234266
0.0893817
0.437721
0.206333
0.0582026
0.0698749
-0.252188
-0.0314759
-0.445424
-0.00714965
0.468189
0.00304995
0.244148
0.402718
0.0659285
-0.370163
0.49012
0.00890313
-0.0720121
-0.437343
0.223232
0.346896
0.0320867
-0.314889
0.206274
-0.310466
-0.152924
-0.261171
0.0269033
0.149664
0.058334
-0.334787
-0.265272
-0.280354
0.0104277
0.463686
0.155636
0.359418
-0.409747
-0.475292
0.0446025
-0.270403
-0.167421
0.230977
-0.406231
0.37844
-0.087377
0.0938164
-0.457554
-0.437861
0.173282
-0.462178
0.136682
-0.188611
-0.199779
0.455523
0.363114
-0.193192
-0.115054
-0.205354
-0.380098
0.453407
0.150859
0.214481
-0.0760156
-0.291433
0.130797
-0.254372
0.413456
0.444963
0.467968
-0.285157
-0.203928
0.362374
-0.034912
0.0582934
0.213883
-0.289579
-0.0371644
-0.416475
-0.469154
0.468367
0.222074
0.121878
-0.295151
-0.204735
0.419621
0.493893
0.142542
0.423443
-0.105293
0.343786
0.227965
-0.278665
0.421698
-0.485906
-0.231632
-0.0065148
0.438072
-0.14795
-0.390559
0.222508
0.170014
-0.380094
0.189115
-0.111942
-0.0789009
0.440661
0.332328
0.47723
0.202109
-0.113479
-0.126448
-0.358282
-0.432029
0.0117492
-0.340249
0.0821552
-0.287871
0.00274701
0.398061
-0.0346689
0.424592
-0.199042
-0.365242
0.207316
-0.0662946
0.168649
0.0787072
-0.0642715
-0.136708
-0.282138
0.491332
-0.296683
-0.0388679
0.392389
0.316294
0.482663
0.123426
-0.215458
0.368039
-0.434175
0.442346
-0.0522735
0.181985
0.394063
0.0188855
0.3204
0.338659
0.00903754
0.411178
-0.251745
-0.342988
0.208093
0.324175
-0.088229
-0.469788
-0.0707058
-0.274643
-0.42809
-0.33476
0.102214
-0.12051
0.296723
-0.280109
0.103816
-0.231657
-0.216182
-0.350192
0.242035
-0.218321
0.170572
0.188497
0.0541653
0.162149
0.181896
-0.402636
0.272561
0.0183683
0.314527
-0.389084
-0.442483
0.146563
-0.192752
0.484977
-0.193757
-0.0488209
-0.155855
0.0588367
-0.287385
0.460361
-0.226157
0.419493
0.484858
-0.161774
0.316823
0.396427
-0.464374
0.470807
-0.116296
-0.161049
0.303394
-0.332577
-0.472682
0.468186
-0.482367
0.137871
0.0688978
-0.0796459
0.326172
0.31628
-0.475696
0.118103
0.358515
-0.110891
-0.375498
0.0742205
-0.483517
-0.116295
-0.000712321
-0.285216
0.0854506
0.327694
-0.0279534
0.0422952
-0.3107
-0.49162
-0.028107
-0.24945
0.131296
-0.39941
-0.0474719
0.0163359
0.28373
-0.447963
0.389222
-0.3461
0.418264
0.31179
0.390291
0.425483
-0.417225
-0.138241
0.0924528
-0.168777
0.160263
0.370308
-0.296484
-0.182336
0.371207
-0.169601
-0.418401
0.246919
-0.206779
0.0833597
-0.434183
0.0650383
0.313941
-0.0554436
-0.135921
0.269655
0.0251309
-0.025036
-0.325658
0.178848
0.328982
-0.499663
-0.191519
0.151616
-0.349987
0.358452
-0.36562
-0.256104
-0.0425538
-0.361968
0.40558
0.00644876
-0.110424
0.110672
0.247396
0.0442373
0.146293
0.181487
-0.0638461
-0.219875
-0.374617
0.162715
-0.121981
0.453389
-0.225654
0.28262
-0.0598503
-0.344867
-0.109683
0.127669
0.173362
-0.152486
-0.274083
-0.343877
0.092751
0.179852
0.401058
-0.0102746
-0.169209
0.298723
0.135127
0.225174
-0.435538
0.323329
-0.106608
0.170674
-0.426872
-0.499778
-0.46995
-0.424955
-0.412681
0.361265
0.0483846
-0.438521
0.498815
-0.0692617
0.181947
0.162329
-0.144583
0.325691
0.466977
-0.0902287
-0.145668
-0.0772554
0.331712
0.00217231
-0.39843
-0.489735
0.161089
-0.351791
0.266746
0.0997234
-0.288895
-0.431829
0.169691
-0.339769
0.480799
0.013734
-0.172942
0.304156
0.117674
0.158652
0.288934
-0.0476475
-0.456128
-0.340614
0.491268
0.123959
-0.476193
-0.352054
-0.393325
-0.243488
0.154195
0.427268
0.0717505
-0.000934205
0.422108
-0.369092
0.398707
0.142821
-0.264037
0.267714
-0.325081
0.091944
-0.0398845
-0.392577
0.437187
-0.304409
-0.134402
0.136809
-0.229882
-0.405262
-0.19965
-0.123219
0.306906
0.0450388
0.422252
-0.360666
0.32699
0.485809
0.483171
-0.200633
-0.399558
0.264043
-0.0599556
0.140004
-0.402217
0.464074
-0.104643
0.465544
-0.492309
-0.20613
-0.0306529
