-0.013050939007171138
-0.02731569865291692
-0.052973934271051876
-0.051500648360098635
-0.0412140194867984
-0.024121696624695012
-0.016112643344760525
-0.00637087395242795
-0.010563440060641385
-0.01340362271914862
-0.02424945528497211
-0.016717750870767763
0.0008720014744018184
0.014950212558792784
0.0024775035293483237
-0.0019050963864176316
-0.011523667970296168
0.0009126661630196862
0.012177218207777911
0.01981938618067476
0.04383122036538434
0.05186591181556104
0.031399950004495344
0.021027000060062192
-0.003122351362245954
0.02800179827977283
0.06600323668035964
0.0848733561298204
0.10358374006257509
0.09020972384231268
0.06901278196365576
0.039795118537737525
0.024373441781391975
0.12040124667922801
0.1854849195214978
0.20666306997201858
0.20682432624191338
0.14912591501408526
0.11501393543160263
0.07624515093808505
0.11854552664268876
0.23979590318203042
0.24961359840378722
0.20226918726412654
0.20841546119406457
0.1837688474470414
0.1458372866133956
0.0862746295738147
0.2712141100891809
0.25815832545453565
0.1470851551919648
0.11491104821891907
0.17923633259518668
0.21274552767974902
0.16186182509508124
0.08322294770479892
0.3818532898313059
0.13572059189725488
0.06338982349197045
0.0860579696366373
0.19171732277011155
0.2499176512859799
0.19140279435208504
0.08236397424287532
0.445057459817905
0.08690844785353984
0.0941937540311099
0.17179158299184938
0.24623995251806058
0.30496560047997584
0.22763014327794084
0.09352930838021963
0.4583115327107129
0.1329356719374457
0.17164231580822897
0.21429279969901005
0.216017928997456
0.27816411909105904
0.26413802155168103
0.1562120715318425
0.3840644683407896
0.1764038749918499
0.1894619677097789
0.18623819049536844
0.13296636427353617
0.19274743520235885
0.2603828650636747
0.24364351917772134
0.2606450254237857
0.15732617606710028
0.14260016370762807
0.10864617688403458
0.041840967415928944
0.08610137679877727
0.15536544877955372
0.21181056101814927
0.12349943766716164
0.06204297732048656
0.07081093267179993
0.03978778146050432
-0.020339075243347247
0.014027422374891048
0.06558180680616975
0.11844438925135745
0.065974724314518
0.03292790201893914
0.02195455572090136
0.0014961977195417154
-0.036039135851667195
-0.02822390441018977
0.01237453848866773
0.05224094085873558
0.018935685072913638
0.0039428346457176565
-0.009733241623670901
-0.012520370435638783
-0.03741707887041585
-0.045176506168535975
-0.023072322139782848
0.009199769928132354
-0.002235909238209972
-0.014655411715893263
-0.03060198600481609
-0.040349659906711
-0.05845802168440003
-0.06279982052559377
-0.03677578818300178
-0.007891697820041125
0.04559097656177121
0.035028084525681895
0.01610052813663203
-0.0038097604501755094
-0.014118769283293836
-0.017218501290423537
-0.015432903562139336
-0.00726046614039867
0.053679435598750894
0.03341646241502999
0.010470927966247292
-0.0060502075282760455
-0.02360527493883221
-0.02075357641634833
-0.024508760738155968
-0.016766002972244266
0.0580998240158159
0.02803403924507498
0.010694579530776772
-0.008041368447234435
-0.018130162441066404
-0.015127917751155004
-0.023884135272851725
-0.025802573121703636
0.05659529410027597
0.025205269334784043
0.014201815068851377
-0.002810808001072217
-0.01942492152005601
-0.01377566686184486
-0.02475366917020835
-0.031707680368996766
0.04632930893145739
0.02746021995838901
0.020901640464550796
0.005270152438524287
-0.01333880444528879
-0.00914275065124261
-0.027289397836600036
-0.03187725908274398
0.041186370458228816
0.026701735401669133
0.020910333676589055
0.006826436408046592
-0.015885991356302715
-0.005649817329771391
-0.0205200503208836
-0.023196719419826286
0.031246348591553362
0.02580952934623925
0.030866788378667742
0.016823552559919235
-0.009081934394197617
0.00827958192143716
-0.011976103832034285
-0.01594332874672912
0.021209177074655958
0.03783950885095962
0.041410693134487905
0.023929339027630833
-0.0071716996237449785
0.02417321493316043
0.008276380324935842
-0.0015669622261510262
0.006626180206688567
0.05370223414103695
0.058691908484275045
0.032805678995725535
0.01287244832220004
0.04301330381662265
0.03956734096415793
0.028381862193543717
-0.0009730650081183622
0.059323676619780184
0.07862132526312832
0.05964712015471865
0.02222338470742923
0.04452936588401912
0.05270454480437441
0.059790641455372474
-0.00579930160911008
0.0711013820936991
0.10054765117334759
0.05364052871159624
-0.0016745651547722706
0.024143323911733343
0.05172292078432704
0.08822292042837696
-0.010040922408349157
0.07263128897088338
0.0966747368494017
0.04421938900679938
-0.007478889395542442
0.003749617377297833
0.061290304567726696
0.10483879296099842
-0.008314315543136046
0.06104547405530357
0.07286143179581649
0.026221024510151493
-0.013142313623805206
0.007926336463096931
0.07154969137245466
0.09081613791251429
0.00579761493547654
0.04738366551737268
0.05508870757706346
0.011265327073946766
-0.002119021773783371
0.022189067699037505
0.07485515394264886
0.0627187234283833
0.025938588384645637
0.05062912674657252
0.05066817984790978
0.024970777133754257
0.03569160354928634
0.055367362840477
0.07223760991784331
0.028651746937445165
0.03042957207795707
0.06573624917758443
0.07800358742812474
0.08438912441469436
0.07615805215814637
0.05449458535001361
0.0314674627738783
0.0023905772128467433
-0.0033454044331855566
-0.013595159795884354
-0.009854925677770236
-0.010285548347366336
-0.01442030674780108
-0.013785803281546488
-0.013376996869835456
0.001017946002727085
-0.0036724267053385813
-0.009823133807822251
-0.006340095427246031
0.00399999009132413
0.010725541618871896
0.01905202256394681
0.0005159299573921099
0.010709138208313948
-0.003195671475154849
0.002336617367665799
0.013683860525889031
0.03240874354179686
0.04529490716227487
0.039914782009207735
0.010387607698672056
0.0201328014294537
0.009547274574875309
0.02806152555029319
0.04481370085931106
0.054855180620202275
0.060999826260641904
0.034715198788153295
0.007829285413885697
0.020354940185818668
0.02946741241966985
0.07439729654186103
0.08684265618319195
0.07878748225261195
0.06019736286515819
0.01864707608334242
0.00025009226846874587
0.01881012732564123
0.09078263267550182
0.1173604009911941
0.06363931229211439
0.03245017008979704
0.014970181607606652
-0.0198783301192703
-0.025750884547492935
-0.006517314026004118
0.15515268200089238
0.08723832001438833
0.00093994597666175
-0.008987522275586492
-0.024256941185806406
-0.03568683966188256
-0.027431754938040634
-0.02234528084304405
0.1983881479409803
0.02660769355235444
-0.037919392156359234
-0.032024424586089846
-0.040234054358096016
-0.029817876125446948
-0.025492905499259307
-0.023548076537844333
0.21708138475657984
-0.024183838936080296
-0.04073882043305941
-0.0308264142049356
-0.032284534726772555
-0.0223942789348109
-0.03159542047555056
-0.017026488240876426
0.22214828907451023
-0.015935627859270052
-0.017980779443545813
-0.02104029706737503
-0.016340307711762595
-0.008666524232687548
-0.013221216742123218
0.0074909455456842414
0.19022822604842085
0.02671603426550623
0.013843476510468295
-0.0005848764662642038
0.011662155203520886
0.01968568505800333
0.016631510010893243
0.02872560707642225
0.14108576689484334
0.07114045526399129
0.051736487391273
0.03924661438780289
0.0523887963132225
0.05054713564818832
0.03819162564240384
0.03200606817226261
0.07860699114150205
0.06804633431680245
0.06952070367183356
0.05388892849670481
0.05436803669040105
0.043227832666578196
0.030781280118561644
0.02574239676360932
0.03077506906931236
0.03490789092380454
0.05444252297784457
0.05222801883317866
0.03826860953010893
0.01970680706546386
0.011057995533153668
0.013945141747058866
0.00283934677516158
0.0016806035281733403
0.02081823873647997
0.027415537368121093
0.018129373763932807
0.007567800197863378
0.00795734043946623
0.0061158321367829295
-0.0077947087076075585
-0.021229096530363655
-0.01010738947197842
0.003473083562335602
0.006456800506017547
0.002616454865135822
0.005812733343421386
0.006341126632845677
-0.01147725481542079
-0.027499693844514908
-0.044794148713433186
-0.03650807045059525
-0.00492154318066514
0.02439430372996269
0.020209523972757257
0.019281055347951277
-0.02079645622352418
-0.02854564881912138
-0.03611766494108835
-0.019947787215560953
-0.0003707611064434103
0.02377322124424263
0.023569235029583926
0.02506441792074826
-0.03630866275973832
-0.03608546504312921
-0.0381304098979746
-0.011344838975107917
0.00022112079949405098
0.015940548798281058
0.02869320158630311
0.03187957652661405
-0.06904676171782917
-0.05002867380095531
-0.055882921824884066
-0.02935821652618179
-0.009721720508806438
0.018401351402332254
0.031238525262568057
0.02742101739859527
-0.14270081408791424
-0.1280087488217208
-0.1643398909485243
-0.1671845401638495
-0.15299621778774333
-0.12241671030339789
-0.05843771463018448
-0.02978078583529361
-0.23999587340227818
-0.2013988977820874
-0.19867093608134082
-0.19058469173792958
-0.19757899010110636
-0.15120487248612458
-0.06184386252608071
-0.0401832191637727
-0.34618128018859606
-0.22027900302600187
-0.16853113415612483
-0.19812746119928418
-0.24608022067008123
-0.1428866444284123
-0.08031627309926134
-0.07647296031013395
-0.37752613632786364
-0.19805289349250949
-0.15937477004867123
-0.18044416979445485
-0.21931136559416956
-0.07968527160282583
-0.05494459106049963
-0.11370260840932875
-0.33360615900009827
-0.1081428120875496
-0.08608531969268159
-0.15238814495185665
-0.15629859312090974
-0.05664536373082775
-0.014247706584823074
-0.1319464529626597
-0.282334291569795
-0.12255009782445987
-0.13185456786912186
-0.13778607649941887
-0.11678494541115031
-0.07135530841455943
-0.034784408727506475
-0.1505054477070189
-0.15268669215560232
-0.10552078894707029
-0.13618073994335272
-0.08941880401724595
-0.057399859009364604
-0.04755521079115209
-0.07574128660463153
-0.19092342040939006
-0.03414886643835917
-0.08017575328453988
-0.12744832147243396
-0.11256096851406523
-0.09671360853431013
-0.05213990261386752
-0.07931271740100855
-0.12952355313617292
0.07216565128504987
0.014864221359856444
-0.01244129312115097
0.003579168150668462
-0.0013956907440900953
0.05133037886187507
0.03340267226979402
-0.007853099055009664
0.08857649934096383
0.04121237857790295
0.006145946100166621
0.0197752829016408
0.019285298108763147
0.05130448056529391
0.04609512211729758
0.011923224080980638
0.06209840423486859
0.06093253882240925
0.017469236065266087
0.026436162178211833
0.017983139888527122
0.02657928203343177
0.04065115140532473
0.02330222925506867
0.030963611609532937
0.06725048763079419
0.06068763694783099
0.05384715665940812
0.020125652974779532
0.006902271675021454
0.011284812974880211
0.01733346433712048
-0.0019168316710550895
0.0036540385683627506
0.0017654244608418643
0.013012061149118829
0.024673291866348993
0.03005607427056106
0.01907322609143844
0.011991077463927758
0.0010644564864776152
0.020900724220320254
0.03625221157361151
0.04630660668216793
0.056097446443959156
0.04998477507847432
0.026425950252324575
0.03158394261124252
0.01475955278317852
0.0643681103146567
0.09666620656825166
0.1098773191350551
0.12352996233850314
0.12325717465676343
0.08459759642438651
0.08425264369268039
0.046759845773868
0.13553552005465425
0.1885059828041108
0.2066774874974626
0.21296142260033796
0.1891874172452153
0.14164630014927546
0.1624935959902566
0.12824183989816584
0.27408669434723026
0.31393310779543643
0.3058055377670207
0.2755262823619514
0.2328973365496072
0.18372567634469156
0.23045757891979662
0.2857134805535901
0.3635183534997433
0.29912316511059267
0.22604874299702538
0.21423129365961247
0.21175713168245408
0.19496242072338069
0.2147687014676628
0.426448672506464
0.37714306565579836
0.27165493858509154
0.24648227556530233
0.27178892406513455
0.2660742012621249
0.21758941136600915
0.14788094052597456
0.5289819323434624
0.37030740455169586
0.32553370674829635
0.3155987907838501
0.28995858483331877
0.2062000224730968
0.11047757589251499
0.044581891589201034
0.5619618807887876
0.30946979791252316
0.2631973398000464
0.20357710082882335
0.13098201631505207
0.0615059192674474
0.005653467610348351
0.01448113614711256
0.5340332196439455
0.24170926083821787
0.14341102249367058
0.06563315722509683
0.02125326171551073
-0.0017200299677458712
0.0056303346948986185
0.05425823696745753
0.4610804348511228
0.30039283443775183
0.1840209534180134
0.12168124807921887
0.07991130461928567
0.07579226465385476
0.10242305338767535
0.1474141613671187
0.2994833473132931
0.276992176552378
0.23417033392359482
0.22094394654969457
0.19035235360084318
0.17995083384510147
0.17520292598203957
0.1714508098697243
0.1485203792827649
0.19888562212272268
0.1941967635914948
0.1924299549836751
0.16846578643329985
0.15582432685590747
0.14089109542572667
0.11855364457253345
0.040571475778312174
0.08744914059230138
0.10544291558098755
0.11625421064314284
0.11129773025429075
0.09447541724707485
0.08065527350162358
0.0629275306870883
0.0017384469889441785
0.019049629225463
0.05035097061329681
0.05126331679519441
0.037237126950671974
0.02806762012430975
0.031974881002295084
0.027885185008205395
-0.0038787329702422452
-0.00969600874965848
0.0027964863109090207
0.01334386869576625
0.01487513938169754
0.011849160988504892
0.02393486852492552
0.018671614467884512
-0.024868635398141985
-0.004171325823477244
0.009466246466194247
0.024096563680385357
0.039423609909686755
0.045170131929481945
0.04130621852104846
0.017431711299317542
-0.03719728383488659
-0.0016315869087732387
0.017867994150343448
0.026010992022861095
0.025813370817975054
0.02855909837200563
0.03966529370075239
0.03443956449883786
-0.05459167130116861
-0.005880886339830768
0.01794015704551065
0.02625598252560161
0.012933055727069096
0.002130789411824733
0.018149414504079055
0.022856106168040794
-0.0647197671731769
-0.0011801247278690815
0.018686508396184687
0.01414003000114273
-0.01774696720781614
-0.027307481201238666
-0.018073648428217643
-0.010000535441061068
-0.08680113544549294
-0.008165195595313477
0.004602746911991343
-0.012941046202915375
-0.026876049286496013
-0.021293764224964706
-0.023365669311378148
-0.030781042064517143
-0.09974859745281953
-0.022714759343086335
-0.03215540135825888
-0.03459370107312892
-0.03752739963023488
-0.036004811378131836
-0.034964433189967156
-0.04550992408131757
-0.12552966548330025
-0.06401982328665254
-0.04485770070790784
-0.014795695731016311
-0.029436264739860118
-0.03874675223310175
-0.03809800448824297
-0.05139298558764117
-0.11633306041060923
-0.055228710528479115
-0.02806383103417295
-0.009699546346647306
-0.021926372208990227
-0.01939136836686143
-0.032034285050868395
-0.050974092274072125
-0.09830553136296144
-0.060321500314563715
-0.02091563133265849
-0.01106185361903322
-0.028412940621890367
-0.0312557822549236
-0.045627299643460684
-0.05328746459321008
-0.0889661747697248
-0.07220768353233312
-0.007504027362392829
0.00938602066296908
-0.011823917180031623
-0.024955602014580018
-0.05919018579994207
-0.07304214970410648
-0.0833160308078828
-0.08886684763143804
-0.017657351354429713
0.0005903167150682674
-0.019249966775681266
-0.01821837334772417
-0.04338023755044355
-0.07942559319476569
-0.06162820364242239
-0.07167932510981162
-0.017688453048182715
0.013990657643249289
-0.010887724821849638
-0.012751975482182439
-0.024990945316774406
-0.06341057383217868
-0.046644876887998066
-0.046399265759187
-0.022992405011166495
0.005522163500865463
-0.01900348083608036
-0.026078636871324418
-0.038992406509618514
-0.06523443367785879
-0.02846004225910854
-0.023079887306012143
-0.009967314983146711
0.02090045727030692
-0.0010909582615719873
-0.01536931032793737
-0.0292662441871734
-0.04979314624981908
-0.016619805522089894
-0.013297830970175973
-0.004842806665436327
0.017668448596016226
0.0024789605508886764
-0.004526291461966655
-0.01975724325072728
-0.032561362022761074
-0.010914581830621172
-0.008493672229116357
0.0005237204287473122
0.012616349978497511
0.008190697351347715
0.0006241480866708124
-0.0059298601671363615
-0.018122453647278908
0.007475063254668563
0.03842939466363496
0.09769762799965628
0.14370947680117918
0.15512361722077092
0.13291665968025107
0.09339107249609958
0.03332635680290808
0.03226994019649547
0.08110693683331305
0.1202395032208032
0.10582219355944024
0.10357555811568178
0.1132970223175531
0.10408971990637618
0.05256976324566295
0.0563482407388443
0.11020261695430157
0.12921377159233516
0.09987753008770944
0.11248919120135258
0.14113021797581138
0.11715032224397348
0.059615137777543126
0.07786297022589614
0.11040377846674797
0.11965076515106854
0.11040636386972487
0.12606324433823807
0.16126910146367524
0.1251830976603371
0.06094627386956557
0.07404728453046597
0.08616026926822895
0.09530943176116909
0.09087624341798076
0.11153799617197634
0.15780277725377967
0.11651324238372106
0.054565285112734854
0.03941975472751445
0.0415096541648698
0.06577564944960473
0.08306629795973115
0.09977888638244352
0.14224336672034188
0.14509928592792215
0.05998733736207994
-0.00427679754106268
0.01721880308735053
0.05402307237948539
0.05895772216708679
0.06142730703459589
0.1111406818972747
0.14663625620393655
0.074747189712702
-0.04425267449067516
-0.006806845308633147
0.01902566633736767
0.020537109584534464
0.030293286938365034
0.08380605937285347
0.14244317793618758
0.08618754188370503
-0.049107758463109386
-0.0009020564042064743
0.014224625240019603
0.008228543017300364
0.025059461214451094
0.07141337536256158
0.13145599243348347
0.10364481548403091
-0.040705492646217964
0.0013534389176265366
0.013648442387830625
0.010227519824405297
0.01647025206129009
0.054729333391313306
0.1127323479336402
0.11329815229233156
-0.018207116183811038
-0.008393761067540141
0.008463301447886512
0.0030093635796984027
0.01675363245047432
0.04721708656012704
0.09589138009626495
0.1129926702779384
0.022678918137845047
0.013464913897909311
-0.006832885045972269
-0.0231482069643166
-0.00029006182935048996
0.030541029562732382
0.08211787930272713
0.11770154639898728
0.05241919071938609
0.04882941630385146
0.03108634392507286
0.012650840948304555
0.03633854777704294
0.055292839183812184
0.10749536117221849
0.12943410604312441
0.0694251505966168
0.07519693198753948
0.047759927020476226
0.03565345356359527
0.06919290785584352
0.08295821991500656
0.12497652369375675
0.10561733253914972
0.055122609235837484
0.09609940425310856
0.08482769640345482
0.07010031457403047
0.08731638131458128
0.09463357177364845
0.10945588848398849
0.06505122979434083
0.043969756727225806
0.10861239279183578
0.1519621328749202
0.16322713612094544
0.15424545224365555
0.12255622081407784
0.08303538906358417
0.02886758499565036
0.024971379612289787
0.013749237538643516
-0.0052096798431488
-0.020711777792920022
-0.015857050820461654
-0.016101780073498852
-0.006661217534075051
-0.0013514139427473369
0.03680790396466129
0.013948682443333067
-0.0007961006661805935
-0.016329528534216327
-0.01299709888734678
-0.0164235137057816
-0.008072248547277939
-0.005694889599261344
0.043412011845485
0.010808517518573998
-0.005802889818981024
-0.018402170212484296
-0.020697517394329828
-0.02407329151192528
-0.011962691390719427
-0.010448610039291466
0.044516611653915135
0.011258139401771903
-0.0031820232983499003
-0.02165142282253888
-0.02833279967260604
-0.025802840460661405
-0.021629729137325505
-0.013668576137959335
0.04170855739373213
0.013949277377791891
-0.005583238523197654
-0.03774658182244301
-0.05289934485713276
-0.040380484548946424
-0.03627174727947499
-0.021627445025098918
0.02768416093950912
0.00903002128719206
-0.016963016056786656
-0.04146302068817746
-0.052315525458062354
-0.038939311574153875
-0.03178425315647315
-0.02686289109901425
0.019123112656583785
0.0043617153674563236
-0.01986425406381215
-0.024633191813188925
-0.03220078091331386
-0.021061440049364343
-0.022981732591290195
-0.032231098763758056
0.0049814747654809595
0.006392293403357717
-0.002285277369720499
-0.006833383327343915
-0.011980708081381956
0.0010863886905102546
-0.004041664719984845
-0.033375615174276896
0.0003786175665832423
0.020092635417313136
0.024012021121436574
0.015173876406210264
0.011552406070012117
0.012518624121152601
0.009572947018584218
-0.030996077699306852
-0.004064302748437107
0.02002403889207366
0.036286445643949165
0.01789692093968191
0.016839216891935356
0.016773981999560473
0.012670741432271964
-0.028045066575225746
-0.0010843820749608447
0.034847328277196915
0.04693295005518842
0.009976586569330547
0.010945716257704272
0.006190152169497523
0.023138552114477743
-0.011276357250210036
0.001092171449408535
0.04214384502008516
0.033135937045519905
-0.007424395550122925
-0.003005623396188349
-0.005747112127567314
0.033379607762383655
0.012460536613191244
0.010236215253200823
0.04806993178640979
0.031874079251584975
-0.002996268920216379
-0.006993187151910731
-0.006275257311833792
0.032263788675310996
0.02947526408571024
0.014782390412657352
0.04232864570795375
0.022371514017396333
-0.019110994665097348
-0.022185856817621852
-0.0061787592048752225
0.02535267625046669
0.03783934490725897
0.013128929450692339
0.03305371937337337
0.011975970884570556
-0.021329727660520253
-0.021734056423114653
-0.00013116570773566387
0.022298186213025043
0.035640189800716184
0.006883247796732693
0.013070560578526744
-0.007104056398526516
-0.026284036168811187
-0.025249632943764297
-0.0027366843208652485
0.019322824959259167
0.029623669979018507
0.017563264626970526
0.07485424482850328
0.20462503906476295
0.2794988790038711
0.2639902038166438
0.13517243521901343
0.04249224918117854
0.007771108353600521
0.003604541494408537
0.016461047587430937
0.0765768002833752
0.1132904977652532
0.12913664492821494
0.055573416159636485
0.01678925099691745
-0.0012260965536959438
-0.013258520405258274
-0.011213460734457338
0.018566585231554755
0.04106109371048548
0.0652690709073666
0.017088000479685107
-0.003725906243278642
-0.010805412936783906
-0.03711037181603647
-0.03968392054246757
-0.019298567414326458
-0.009649288543396792
0.014198802121029062
-0.014913757389852343
-0.02109366291985744
-0.01891373935269793
-0.0701531618359797
-0.05514220225990579
-0.032092615637486464
-0.011258551269424556
0.0031026734293131825
-0.03413925145279707
-0.04121916885968283
-0.03767879549540033
-0.0990757839617584
-0.06352634209593641
-0.031779691595023765
0.02488503164226147
0.049652132145515955
-0.009657660821098228
-0.026197425529434267
-0.04420023064928379
-0.12548834177471324
-0.06898002925291283
-0.010696207905318533
0.0713632528897884
0.09182457181960171
0.0021590484201441927
-0.02374630886273303
-0.048197805212762505
-0.14546464876578802
-0.060088176657218384
-0.009386546497021139
0.0967635255890786
0.150605371744757
0.02399774979025893
-0.021843877966637736
-0.04589299532449304
-0.15171876780829024
-0.06478312112165899
0.02312321840083114
0.16967232255491702
0.20787749630585772
0.0293523534182789
-0.021641090844755056
-0.04844694989022107
-0.14420746316613145
-0.04898598810227073
0.05969540442703507
0.20993621491550837
0.24561185428893953
0.04619711064019801
-0.025096339407164926
-0.06005112482272119
-0.12680056009596266
-0.0376851734738795
0.06041049272325216
0.22437971322638148
0.25484098223487417
0.060754209245768076
-0.030797667127919672
-0.07549066502409887
-0.09250119074230477
-0.018207326455031182
0.06536027135315166
0.21044007970170017
0.21856645985409331
0.03743451027962262
-0.05424978868960387
-0.07634637784160149
-0.06374240629300887
-0.02667311985713828
0.056308812538086485
0.18060776823040367
0.20758609124521452
0.06452011937732986
-0.004049296981552831
-0.030061700098599986
-0.020950734500711915
0.013045632471982298
0.09256061099804062
0.1880366627149823
0.23213244190417168
0.11403499292072512
0.026064922872678652
-0.004111501084901574
-0.004486939339981776
0.027220373366185834
0.09894870647358917
0.1747935162317993
0.23388582936189684
0.1402512842935177
0.0506830310483854
0.005853964320424731
0.004769553136679841
0.03243583948451584
0.10221908589807634
0.16750868961433998
0.24957507887885427
0.180314535527268
0.06872603775127956
0.017644862044057522
-0.00010890538141157264
-0.0005583842242580545
0.0015594271466532353
-0.002471623340799559
-0.009782999288837569
-0.004639835857703087
-0.004783777923863333
-0.004171091233375032
-0.001261388177305947
-0.0035520741005777012
-0.005492416112354844
-0.00971429850455641
-0.014554981949970234
-0.0062479515054816945
-0.005413653687750546
-0.005339589860577816
-0.003640198243849164
-0.007190920567228066
-0.007879523821785138
-0.013733275924378018
-0.016959704429075174
-0.01166108066836757
-0.009838558559433781
-0.009918335243734996
-0.006859621230400271
-0.01343192760543327
-0.013683615369211947
-0.01987286843731519
-0.019971805678317467
-0.010768143672215185
-0.005701435093692155
-0.00867827060691678
-0.026103250168792128
-0.029133640284203472
-0.023671645270897674
-0.030275283231357634
-0.033231067403438126
-0.022231733856030205
-0.012727822017863512
-0.016082073175080282
-0.050528753949225375
-0.03410146543163901
-0.02825860716969914
-0.04376905249806114
-0.04105290788278371
-0.025251066830277287
-0.017686104322218038
-0.023987117018283138
-0.06506687827356104
-0.03748584715709941
-0.03406607907045798
-0.04543966122596811
-0.04063506615620129
-0.01453619306076695
-0.012909449985372955
-0.029595299897878746
-0.0773548308615147
-0.049540645404760476
-0.04525310052979214
-0.06467640291256078
-0.04485774957667235
-0.014238104769899021
-0.013874687824019929
-0.029665025874771215
-0.07778084720101938
-0.0590435539459599
-0.05500128862902508
-0.06049189663889875
-0.030369381483447228
-0.012560263767053569
-0.02152211345847494
-0.033186139050031115
-0.06704501307673832
-0.06525535751169902
-0.05562948706941228
-0.0514857179638
-0.03749733331089522
-0.026191734973052955
-0.03449417741020418
-0.042125159597887964
-0.04360798635207453
-0.043237042432863804
-0.044078579889587216
-0.0500168662516488
-0.036406335247551304
-0.02389412457682972
-0.02644203470110177
-0.03708540355244603
-0.02782999336480689
-0.026176731778827126
-0.026294632129676435
-0.036794004677080855
-0.02630949075679815
-0.006906797405324851
-0.009182273148330427
-0.021879629105371678
-0.01714057680981564
-0.009185046333152796
-0.010997841140315089
-0.02256612733133912
-0.01929152032126782
0.00023389925057406996
-0.001176152616581539
-0.004140466567403241
-0.012332417473736958
-0.005207551015875707
-0.007087172455060355
-0.015645664515846945
-0.01933387984673468
0.0018694633580729697
0.004694626240034098
0.0021529079970627166
-0.006840630947962296
7.052450022596685e-05
0.0014722838412026499
-0.004125050003723153
-0.010637788584902502
0.007181677095381168
0.008843200985143615
0.0029782018782727264
-0.004495473212844107
-0.001816509998208713
0.0034044710560490543
0.006578499598265335
0.0010511688532420147
0.009450556186311031
0.005516574744816985
-0.0002901810523279184
0.023809317777807624
0.01601170803901961
-0.0016187455623117703
-0.018136767554362505
-0.016596182382944226
-0.006481096053372818
-0.003057526007093751
-0.0030334268733070817
0.03212701196039097
0.017720790231218763
5.659098597675109e-05
-0.014926238160975895
-0.01331093575991555
-0.00432865208756091
-0.0015719722532731516
-0.001868819306515064
0.04608452182037406
0.025463651617342136
0.0043384811443182205
-0.014433913779492758
-0.013586181008331519
-0.003772594443740633
-0.002304752117238409
-0.0027218754071732304
0.05347749582635083
0.02693874719955393
-0.002553082707596299
-0.02045125190567096
-0.007963674988731066
0.007024197541026417
-0.001709676135652082
-0.006714914965402073
0.05511203136721002
0.01864165751548036
-0.007874438437932889
-0.01748375227704653
0.0010076806395275494
0.007676226178322646
-0.003515894487932512
-0.005453141066556911
0.04824182752164637
0.017369462617723742
0.005521771459047667
-0.005083912178771317
0.01052616703035184
0.013536279524516765
0.005392989850994551
-0.002059105188253242
0.03943837893828737
0.027488778289160465
0.023491038268354508
0.012530351847283972
0.025792371814215866
0.02793999565682258
0.014021250655648498
-0.0006282846479930117
0.03326621529409738
0.0450704887239956
0.0432790816513393
0.01855296643944865
0.025115911209301584
0.023218447497790246
0.01267483716541536
-0.0023793845198746954
0.03362141557866714
0.06618561710162948
0.06055160911991425
0.029911221917659422
0.026697270621391902
0.021836330023180587
0.0078150682739841
-0.00786511766949382
0.036796070865996115
0.0710753990543888
0.06023571736683719
0.02744192724688976
0.021485042399454625
0.018026057911367917
0.005286394022917496
-0.010025293382744799
0.0416861371984755
0.06830806789322749
0.05961405784539934
0.027958988121734054
0.024539218338927114
0.022838618157284333
0.008491991562461183
-0.0056552868626384084
0.040204413652441796
0.05928493586594406
0.05258204900203787
0.026608565617065615
0.02608125809570863
0.0283168558213891
0.01777830153212573
0.0027826641766714225
0.04420045203299759
0.048157514551196635
0.03483690272816312
0.014974091324826914
0.021521424584113394
0.033710107180941244
0.033968390310691494
0.02038778330192546
0.03949906678140816
0.042374319924304314
0.022079048468477473
-0.003028207121725557
0.00546386452752652
0.024180961482305672
0.03235126922689147
0.025545501877359624
0.03353289576387826
0.02953437135795248
0.011746814892939
-0.009093902457856592
-0.0033706628410356395
0.013590943201138671
0.028420734387392184
0.025246310336561002
0.021360184226481088
0.02392515409312763
0.0067262703679511785
-0.011505518313089538
-0.014214338901504283
-0.002347727594435176
0.015747797056596905
0.021516261053349927
-0.0019453109160658085
0.006910534111806543
0.05570966773008725
0.10089686748104158
0.07346480105490537
0.02431238830429782
0.002575934771353504
-0.009254079033142777
-0.011029692968029251
0.000642610411591392
0.054497125286057546
0.1148432254054835
0.09195674049137557
0.014210548588550375
-0.011242312980682892
-0.022219452160224234
-0.034061447291699645
-0.016727507686092248
0.025839091574770257
0.09710749159034497
0.08592390206177686
-0.020872344010670455
-0.046793536371167094
-0.05521029504534173
-0.05577127435079023
-0.030709694269480503
-0.023798681236973297
0.07444130381240575
0.05061419018559439
-0.0903871179875565
-0.10558247512176458
-0.12360046090136477
-0.10143866866711249
-0.10089697925747605
-0.1381769104396081
-0.022418139620543658
-0.05416811596881488
-0.2008086174900963
-0.16847693866799376
-0.19861625297927488
-0.18718634205835796
-0.1877908527074417
-0.14264875237569086
0.025887712145802957
0.014258715453784897
-0.17471751221656073
-0.16694926187673553
-0.22322721016434666
-0.2761157294600678
-0.1918860384042108
-0.10452211765243062
0.0493959880261848
0.048691117977200125
-0.156184173623877
-0.18781521520083017
-0.2395083074466182
-0.29719548020420355
-0.15186976454652756
-0.10037230989544058
0.06984661304532028
0.061614761514462914
-0.12233187887527552
-0.17496502404500877
-0.21448440365897575
-0.3332327536681786
-0.1714327174199375
-0.11133458932672914
0.07825130822333906
0.06825542464940729
-0.10380223748358491
-0.18934625635319952
-0.21945560512872944
-0.32446280272708317
-0.10429570014799976
-0.04749697624688081
0.1063372406601225
0.09657818605940603
-0.08633739276758311
-0.22537691558555362
-0.2050664110465105
-0.30210862440821645
-0.10111649872820187
-0.0713866002210178
0.07510184894683927
0.055996969803983145
-0.12313781323535453
-0.24521537545001504
-0.16664499650560105
-0.2541623291440844
-0.14029981276360107
-0.09220964524292605
0.02208890972271403
-0.0018964170210305842
-0.13312736450654455
-0.19612719222160474
-0.12219941429968009
-0.13177910490383898
-0.07597136537225198
-0.0330695947406821
0.024932606823789106
0.02505247793110835
-0.07525581134402677
-0.1143272913802107
-0.07493275789926489
-0.05946047133912759
-0.05496235065199843
-0.001929521112966704
0.060924213904223944
0.08297580109621856
-0.004838701732579955
-0.05129865795479309
-0.03008237643184408
-0.006716532837038551
-0.004016204767016264
0.040548403478954644
0.0924412127305004
0.11644066026457431
0.01645532355659508
-0.021887351893335173
-0.012727714830896655
-0.002128192514611835
0.004290664744108299
0.03803218179203482
0.0771378464726392
0.13702560807617245
0.06637304032476107
0.017381141402867933
-0.0012684545632505027
-0.009654988377655145
-0.009547564251786825
-0.024114721559606003
-0.034138339213227446
-0.05480073053634544
-0.0467616529941671
-0.04617343088292967
-0.03393379686847994
-0.016053172340532895
-0.01573413259214859
-0.03416449705375018
-0.032981957562392555
-0.05255095577830407
-0.03901428787488089
-0.04093522429218091
-0.03903229840285035
-0.023143423308461152
-0.019717000434142828
-0.0364192874839428
-0.03184113812108906
-0.06470224123384072
-0.047267924440284714
-0.04146089749878348
-0.03839667255558381
-0.02665049666312501
-0.02154890475963686
-0.03804226775124324
-0.04802195534023827
-0.07215763288651932
-0.03758216594394326
-0.028980999888183662
-0.03239608660402686
-0.009988490703614772
-0.020892385680376963
-0.05585419487377242
-0.06931793508618145
-0.05663135938006122
-0.016610816637790127
-0.004702473877274785
-0.012245646299387476
0.03271891234720245
-0.012014223729042593
0.001180872009511943
0.015507524713246576
0.003308400354498575
0.03594309728070651
0.03842085728419479
0.020480234165312156
0.08500293368215098
0.03568271903771522
0.0844288540486412
0.08587243464717588
0.0713161991619555
0.10187883240759647
0.08299806802068667
0.07286996688471713
0.07404137868336648
0.06556240708195334
0.06212791406458049
0.09755956405205252
0.10425793315660553
0.06743375753385265
0.055948180998604435
0.11872131220323379
0.06880982386178909
0.0744739620125979
0.02264963897868878
0.0898646240275992
0.08341121481460453
0.01365484038897669
0.019237962130100213
0.142841981628406
0.04677188400169124
0.03227089695877634
-0.018273225817812627
0.031234721402290097
0.026044488870292395
-0.03413077747252714
-0.029558681876582234
0.1267090684634757
-0.0030663997168954146
-0.03422359388095339
-0.04985894888267821
-0.027684251831413043
-0.04201584756765378
-0.0678911725933905
-0.04428550831708166
0.0652840470639417
-0.04826358016887044
-0.05357100327098853
-0.05932337348758928
-0.0668884818830207
-0.06857841498254307
-0.0698586250649479
-0.040912377334349805
0.005910698175064644
-0.06838784987867509
-0.048301444609089646
-0.03881463777629482
-0.047539976375734136
-0.05291146895123998
-0.048818511908600905
-0.032251927361144475
-0.017304736332533033
-0.06696639408965055
-0.051255990260908164
-0.03006642968623243
-0.039083569220166745
-0.04878357525618154
-0.030306272633715495
-0.020065949089738418
-0.016161364392103073
-0.048833367081275524
-0.04371136582040918
-0.030905003821212102
-0.04117476356890386
-0.041722869309306396
-0.02029785626384188
-0.014372773326679049
-0.011256513139979218
-0.02791816411616903
-0.04242029060374216
-0.041720852568033
-0.04039205865010764
-0.03830701991279252
-0.02368385943175327
-0.015120500977968935
-0.00963971334370631
-0.04236361580734343
-0.08247283952478741
-0.14548180879205344
-0.16993819365613722
-0.18110148631094808
-0.17322285666969833
-0.09168126460388215
-0.04519988376526451
-0.07078555460448833
-0.10533290428692958
-0.15245691559419813
-0.1313952774075907
-0.1493663812735501
-0.16763588346063144
-0.08676087541434459
-0.06450368553159261
-0.09674578051266723
-0.1664946131420854
-0.1674594599307759
-0.088290696762472
-0.11111468763301513
-0.12944267494149836
-0.08299184244010253
-0.08243395760529904
-0.15007830185088183
-0.21437202460370247
-0.17441941399383046
-0.11634698768480058
-0.15262958985046768
-0.16982416869087574
-0.12032391392952127
-0.104168366204654
-0.1581200759885961
-0.22012685939148466
-0.16249680906434003
-0.04362893743561042
-0.06437482781228639
-0.1270446761219599
-0.12015764582505255
-0.13470200976809835
-0.15199993156200395
-0.2487543292914046
-0.15391195059565668
-0.0678318645909102
-0.07414497115841477
-0.10385224003654346
-0.17773538891172672
-0.15764900679389854
-0.12942846031206165
-0.20415328310421207
-0.035463208150743664
-0.05407766264380717
-0.10008863989932935
-0.21405663309059547
-0.15339942665280118
-0.10937767447770348
-0.10196944935256934
-0.05186079507882132
0.040026008579812006
-0.16650018123572805
-0.2628156251084708
-0.2953296455206509
-0.0818100241134716
-0.049645449193297296
-0.09455373771270006
0.006046718899994868
-0.06384756170634752
-0.3169088765092288
-0.3888894623818982
-0.2783502645040065
-0.11024820037437857
-0.03962324887752581
-0.08909894828711333
-0.07226545010620608
-0.20333385272380966
-0.3473026383646195
-0.32187600697622243
-0.1645733375008493
-0.15719348736724387
-0.060179383289686854
-0.09700064491023497
-0.21989822626741037
-0.32430201475668985
-0.31216305142746376
-0.2592869702589879
-0.20680183978929215
-0.23523529118017067
-0.09298643515977066
0.003650589295852061
-0.19940284345599044
-0.32832679254661706
-0.23923515735680295
-0.1821728595476008
-0.13369435168779872
-0.15960932963396082
-0.04249442660799609
-0.008552966582054396
-0.17327392688467302
-0.2767762317756257
-0.1887935149661873
-0.15495596556977814
-0.15324595716702463
-0.19300058449264443
-0.11500834298611547
-0.036696460096705026
-0.1581185035809653
-0.2178353419784104
-0.1508273435657612
-0.13194658117408065
-0.1388284951819141
-0.14481972987864344
-0.09364724780087982
-0.04640496188554459
-0.14808864416171505
-0.18207808254718952
-0.13132627083262485
-0.15237212060030944
-0.17367654962703993
-0.14127822509582938
-0.07643122269276824
-0.040807708580888884
-0.12458003634014851
-0.20665121061643743
-0.20719104176740183
-0.22035133969524817
-0.19119142521287533
-0.11378147816642431
-0.0400004483679207
0.002735927803367173
0.005057834879085917
0.004900894307046407
0.008403137669778288
0.001523536824432915
-0.013070217906185703
-0.002741282904281174
-0.0008101547000981247
0.004793566060774157
0.01551582808928558
0.03979544530630682
0.05099934145183386
0.04563501012447212
0.025867157164411243
0.018259296887754677
0.006535659545455339
0.02350621523280737
0.06034552535983063
0.09536691628180248
0.11406192637177757
0.12017036240084138
0.1070307816966593
0.07076525804687553
0.037009633786605
0.06084842982000541
0.12611901208043397
0.1668833717832366
0.16938589493045916
0.18001531983596258
0.17348323791139916
0.1481826613915818
0.10584833409101806
0.12496143177882163
0.21532743100411295
0.23362531872389017
0.20770688904391918
0.1949434565558723
0.20569689596091484
0.22293360085757874
0.2360764477917662
0.2160360441064117
0.260352898467067
0.1854921729601873
0.12366762196488394
0.08563137241019257
0.12312777203473306
0.20436652421324855
0.36438433066998244
0.32267293252863516
0.22514066200017502
0.07726896570857184
0.021578661870322542
-0.015610284080819839
0.020983952642064565
0.1289379296086124
0.4598261594223115
0.4111453980266811
0.11718103843802313
-0.0056375147473475
-0.03593653998697728
-0.03415541259398576
-0.008316633781462246
0.046159892012353376
0.49252222925168554
0.454515880594842
0.05280339503517944
-0.023360850463984506
-0.04225613320475466
-0.019075193172781682
-0.003733047922032283
0.06619907685363825
0.4914680693169886
0.4637651585907197
0.039461116777529864
-0.029037870066323537
-0.030264027569455215
0.001166608945923365
0.04355764008795491
0.1666927757337069
0.4344500386667669
0.442845061713382
0.09765405907638125
0.022844048024891025
0.025611053390282457
0.0699839370373848
0.1541709830388042
0.25901293886581583
0.31284272204762376
0.35528510857238255
0.1617621156306412
0.10819864754070124
0.12996487980547275
0.18068019764041632
0.23674495159698142
0.24302751193997513
0.16261264084551663
0.2250728356962392
0.16805040805028795
0.14311147879845174
0.1596031083960849
0.18609454752028307
0.1869026126901431
0.14828223655182637
0.0621107254322625
0.10672410736512898
0.1106468268560799
0.10894101606626579
0.12470855528778392
0.12314997141291753
0.10694731996736409
0.06515415455382863
0.012590715260633654
0.03507673056478688
0.04619958839155369
0.0395850727218368
0.05574091154131753
0.06347654817916093
0.05498697384949247
0.020229095797359917
0.00021826096807948863
0.0054833132314589346
0.021263443764677377
0.022374114883528785
0.03557877981498476
0.03164776466523835
0.014565416064414749
8.201603504729735e-05
-0.005203732482594372
0.0064426505933552645
0.03535922236811683
0.07413132840741475
0.07612930594750465
0.09014075440306124
0.10236457747970396
0.0533137142107994
0.007949627431581584
0.02526508994026441
0.05030002749814797
0.07432044493391105
0.028143361958352563
0.02519537016451726
0.07561078172249433
0.0843020182110206
0.03073519309652069
0.03793072667139308
0.053293951147822
0.0662847550966248
0.0041865738932761526
0.0015761014367580036
0.03777198959811773
0.08163659915066558
0.05238427515738856
0.03402936585372368
0.05080208915879117
0.0549626780945478
-0.020014677581499687
-0.022935932469460848
0.009865502077143313
0.06488199296677177
0.0570379754218349
0.01032804183796718
0.03494741888907805
0.043250131144152604
-0.0343216093244895
-0.03567155611977212
0.008906810423861704
0.052717407611803616
0.05044983543288599
-0.015528664940096203
0.03495915488305561
0.05008518379293392
-0.00396762199403156
-0.006695794688462748
0.03571404315914995
0.041471492892114305
0.0340681868606136
-0.017337687548245648
0.048713374256006525
0.06209983884901674
0.018543351938923574
-0.0031925948858149
0.04119265143740043
0.024509459132778418
0.0038975439429378375
-0.027304559133995876
0.04256044484522922
0.06586685990166037
0.02351184624762503
-0.0059208057308907415
0.02063286463406741
0.0018141031242909556
-0.023673570251721815
-0.029363720137297437
0.045276537097208275
0.058358119024290056
0.013283045828568605
-0.026009392601364242
-0.009163945733983747
-0.024766530909748643
-0.0471297355426544
-0.03295548445797352
0.044365893689962466
0.06188588966714135
0.010670859129511443
-0.03328309280086897
-0.025594086016828332
-0.03565295847045922
-0.05169304034370922
-0.023650206637602127
0.03307869162203787
0.04635081666060862
-0.01100170457648838
-0.057967707883084606
-0.03632206429766361
-0.048622674266078074
-0.0539036567711772
-0.009831445378553185
0.03340841413993868
0.04954898479962576
-0.016465415305026272
-0.06758692620350586
-0.04885538407741198
-0.05961630693357345
-0.04931438639460201
-0.002858097065535902
0.01645038136736818
0.0257280284980825
-0.030158489193329457
-0.05154410269963102
-0.03764326815832662
-0.04386948071736681
-0.026843277860508843
0.018704354775262857
0.03102574177667929
0.03236610666176307
-0.020783699723404176
-0.03645858103949881
-0.031147735815376457
-0.032393757572151766
-0.019667546730758205
0.02273071631838047
0.025188261631173485
0.03362174062247396
-0.012613348593788577
-0.03699883578667109
-0.015644933702407444
-0.02755529894326086
-0.015990645929751555
0.01911877340862512
0.01963212185438056
0.03634415915618133
0.0010880376497836273
-0.035162330694841606
-0.0213259056439606
-0.02462566040946897
-0.00949169790574155
-0.006981342723812725
-0.007458107132416112
-0.015150143715708754
-0.03830257611979191
-0.0425701402824886
-0.04972502313561852
-0.03866980109752595
-0.017487022353475105
-0.012437856457772628
-0.01115297685169044
-0.0184235397959114
-0.03540401850667556
-0.03778143160926703
-0.04933395929302067
-0.05513829869324068
-0.04016450280407327
-0.01254447376990664
-0.0255369785373857
-0.06344643607917662
-0.08098581902458997
-0.056962871256300236
-0.05841422292838219
-0.06614402795172132
-0.07033208677387036
-0.03086944124602624
-0.05788919581768895
-0.09593559312936678
-0.11899002367854143
-0.09764934335633849
-0.11234357804965583
-0.11233468351111874
-0.09194166803169504
-0.04783323605383039
-0.07486081293668068
-0.09386674402680874
-0.09631389099049262
-0.07823237531611019
-0.09385347861846302
-0.10001976799044471
-0.1038253285659424
-0.0805176649142413
-0.09905586593463049
-0.10160566037696159
-0.0858930184539073
-0.1006622099303634
-0.08963405283415489
-0.0812029279678637
-0.10485416294381077
-0.11782760883070363
-0.11052792352819558
-0.11845060574847352
-0.12270105007259552
-0.12320820045797079
-0.07473046631678856
-0.06601115285413786
-0.09310729738176257
-0.1463702096692968
-0.11917816262400949
-0.1387388672749518
-0.12771721026150587
-0.08544614960648395
-0.04984705815292411
-0.042183752598757104
-0.0780563379621768
-0.1776863559265774
-0.14128891823640122
-0.14248867923065808
-0.11412875564002349
-0.052657968831854605
-0.037283595718483664
-0.031852264415932446
-0.07998455184420229
-0.195506460792
-0.13713360597095506
-0.11668221524260056
-0.08074754906868899
-0.028357684232381573
-0.017786939798479895
-0.02111229415394755
-0.07906640670445764
-0.20578337164371457
-0.1317509256811435
-0.08191221027492418
-0.08795171773738489
-0.036529062096488464
-0.020564025776472632
-0.02734476365776437
-0.07924215550515001
-0.1909903152833671
-0.14798036351610325
-0.11008763127528179
-0.11664370461052975
-0.0700208563417033
-0.04225875542999797
-0.04984176624278481
-0.08895309777826226
-0.14275425818742757
-0.13309318305199655
-0.15046827169387764
-0.14743711912967716
-0.0922209893018628
-0.062216036944232694
-0.08719835757492644
-0.0718702414796199
-0.09597800160715393
-0.07392647418324005
-0.11031720342932887
-0.1293177156399287
-0.09659288385904445
-0.08065705733513338
-0.06737873627799902
-0.03252953430703105
-0.058379088624107685
-0.05939764512671386
-0.07890043149478432
-0.0792321707219485
-0.0284775241810333
-0.017723099280721417
-0.009288955007471063
-0.00790725421348897
-0.02732930233059194
-0.03977603497801885
-0.05052151814546997
-0.05929464526066994
-0.020722129860267495
-0.005703685181345218
0.0017379170159651494
-0.0046388501640728125
0.0023835384929192
-0.015565786770033032
-0.03463109931959347
-0.0077880389486922885
0.008708724377856095
0.0183580804612652
0.02918035364941539
0.03217412729491355
0.005060483859041803
-0.01043575857981515
-0.03497019577087421
-0.009213832484931737
0.008243131320889992
0.010743383767588993
0.003364493678905506
0.015029825165990902
0.015597069342061688
-0.005178505439653185
-0.040205471159432064
-0.02680991866721161
-0.014614211366572878
-0.010275992277925378
-0.0021482355418123403
0.02838885482583398
0.04182000704738566
0.024984862010272016
-0.016864004822715908
-0.004697836576438928
0.01317288488365765
0.016681198848010604
0.0058044808895561075
0.03504933349513107
0.09419628651565543
0.045244073051446336
0.008886566145092815
0.029497937184286338
0.043261181862587844
0.04724764791395179
0.022447362746227172
0.034524133001440485
0.1263798253332818
0.06848223188146749
0.03984656072803724
0.029942510995042058
0.02694012049493146
0.007627817738256264
-0.021521938156510167
-0.007908879932699588
0.12919563869578052
0.0722275044115529
0.03678763113339097
0.0014490119907161429
-0.010865000618831808
-0.03178132370915515
-0.07628158651729162
-0.05154095753266549
0.10462324115537287
0.08588934373083723
0.047810084007464206
-0.01653590140332733
-0.03456282013946701
-0.06062672099463791
-0.08117021802218617
-0.066691318031192
0.09561900828831446
0.13693698390667022
0.09253069574189295
-0.011706293508119544
-0.04026525980474329
-0.05325362644528087
-0.059606896595353544
-0.06984468136699488
0.0770535855460034
0.13876702886834727
0.0876079430623937
-0.010747030138309962
-0.04047113109853951
-0.05456112045932928
-0.05297077164268443
-0.0749202789853498
0.07595292615238029
0.1252326359199276
0.0696359824914525
-0.004905265112262033
-0.025831637013940718
-0.03824260147834791
-0.04536199409990975
-0.07676766740058023
0.05858978507920844
0.09977761584610818
0.057901153894690555
0.002542434405565871
-0.030895767352985114
-0.03627737946934674
-0.03928332083852174
-0.08169986464783906
0.041619763516436085
0.05660745958187218
0.018543875429613898
-0.011690914967723863
-0.0398798890147033
-0.053576807483999865
-0.05240505661503416
-0.08182055390774681
0.011318702390503584
0.007287153928814167
-0.0033266558251054484
-0.012943520328671371
-0.038908456259556405
-0.04693093326164182
-0.05330489909922045
-0.0645144146317108
0.00931907462211112
-0.006250467001307347
-0.023847720194375185
-0.03570846092723773
-0.060675439752416654
-0.06521198952778524
-0.06205057359346932
-0.03751396785710447
0.003116291536118266
-0.004931838481873464
-0.027728095605398784
-0.044748500713297404
-0.06275131248953476
-0.06373238426301908
-0.04125177562696387
-0.0140435482000301
-0.003878832190426321
0.0014266350344119781
-0.00239617017401493
-0.01988014200377403
-1.678186208525859e-05
0.011746762348426237
0.006800919372013146
0.0028238031188092764
-0.004760210426767867
0.0002728088043083211
0.004688016536753067
-0.014338026215274626
-0.003813236764396971
0.006967957380903359
0.0004267696738679922
-0.0036287936887171865
-0.004681921013926321
0.011805737788840203
0.02295423607956357
-0.022614975442493784
-0.01909481178777023
-0.016774987996011147
-0.023988726550912127
-0.021895724584257367
0.0039821950149412835
0.016782606296771183
0.004790760881336743
-0.05532920615527774
-0.016621300945939253
0.0003625897720899437
-0.01967655001121973
-0.03738662765808278
0.008825764795441029
-0.004071646364104428
-0.036407038899460474
-0.07100070294839629
-0.035610237639561566
-0.02159662024078388
-0.043057279304516444
-0.05713806986221256
-0.03166210247777084
-0.04779305712854769
-0.03484012712799171
-0.06509258922961428
-0.05263023413536814
-0.027362106421294254
-0.036855042532501305
-0.07183952995281781
-0.08648913171221878
-0.04565633340008069
0.018562938740524018
-0.030015957863604927
-0.019899344293841253
-0.015019606893742288
-0.029188157955474643
-0.07477723866514167
-0.15422541688297134
-0.04368069157864577
0.034719190755228294
0.014925636815532595
0.011487154491702853
0.008612627550268597
-0.012761455874493515
-0.0639402655812507
-0.19298901623724588
-0.059403816144859636
-0.016626356120818666
-0.02141952715344727
0.030869048960773908
0.051823070778027974
0.0367116825561482
-0.012532075792382372
-0.1976423537555007
-0.07752250058750007
-0.048897700681963155
-0.05727837788952572
-0.00969755444928385
0.03040043006680294
0.03668370010202221
0.026921900948243958
-0.17821563626473894
-0.0789715233490446
-0.045493085472007304
-0.07094279567592181
-0.03917560742184411
0.007377585513425204
0.01850107783656212
0.03981051900806992
-0.12721975283861678
-0.08388331117054647
-0.040450248952034216
-0.053503532968560294
-0.031859845831218314
0.00408162808459626
0.00859875505997789
0.0259958454382983
-0.04901102321211236
-0.044121386817749214
-0.008951704360323281
-0.03881537764507869
-0.05435072824960472
-0.01194230658073461
0.010873398609237323
0.026494395161874063
-0.013928690477291936
-0.021820437878721812
-0.006889874206743764
-0.03587413110882182
-0.0465156445868553
0.01815805019508872
0.02085079679000138
0.00992933793781521
0.002514241215057908
0.004949845370470832
0.0013074187149102374
-0.017792986198924776
-0.026549605714700057
0.016251560324458413
0.010005594677943836
0.005413863845506908
0.013130207313209671
0.017545822182653763
0.014451497361955733
-0.004456717677126631
-0.02618101594869909
0.00310047456519676
0.003664202421501244
-0.0011878608069193473
-0.008145457831912969
-0.004235084579922656
-0.0004879490422766093
0.01078040758486278
0.006557167179004934
0.0010191579843009926
0.005971056947342448
0.00658266950675917
-0.012579050010436792
-0.00849373182144898
0.009538843513028371
0.027172139338460008
0.021224277227855276
0.006481888336207154
-3.412217280084841e-05
-0.003614718053006353
-0.016464517242466326
-0.010558328746740498
0.01232242310706652
0.03305355257974584
0.02379039846028765
0.009899483850175856
-0.0028555874815142882
-0.012863815643116052
-0.022073992903579684
-0.007865475493404975
0.01873702413188561
0.03792840684129522
0.024874969253808887
0.018098597396767464
0.0011967537804111342
-0.014641376952454993
-0.02489230624595745
-0.005013643453177928
0.016499074566503725
0.04697338966839413
0.039884499428989625
0.03580580243771772
0.003564302236666197
-0.010447208833967252
-0.013032003962046472
0.006450638055553955
0.02318213569023163
0.07445459242115808
0.07962089158501702
0.03885951347062561
0.0056111998823767375
0.006034669894287826
0.007736823937755429
0.02124098489684996
0.0356207849566676
0.08438850952950558
0.09470643198261504
0.06357099783219979
0.01829332831338382
0.01879026731566228
0.011944125320349655
0.014128376321798858
0.03275396268819632
0.07463274698901357
0.08941609883432128
0.05680592927124798
0.0059216275792146455
0.011742544372052625
0.013613341838730088
0.031480878929738505
0.03687197431376973
0.08210326287241038
0.10274867609656264
0.06512458308995055
0.013571632861800558
0.0028221536436556813
-0.013990265626730855
0.0008108652613268778
0.011991005565147829
0.06478407167782413
0.08646390627443869
0.027922351767836896
-0.017134624892067036
-0.030137361941236184
-0.03378391311234921
-0.039971542922650954
-0.015509867907369525
0.046447248608057705
0.07601794879261133
0.0209406081833796
-0.015585185695628629
-0.04662519510260259
-0.03539510325408422
-0.05239580878146049
-0.01336032077322037
0.04057702017652192
0.07163128399283453
0.009713316060150546
-0.017835091862983186
-0.04673223952335601
-0.037578345757442275
-0.05088097159532233
-0.020510100577030035
0.030848498255492122
0.06453984149145804
0.011786721379025197
-0.0070492432646349435
-0.02578241535490228
-0.035943797777829606
-0.03673472124269947
-0.01409599916420223
0.024139226604580292
0.04268457120386647
0.005887393090909882
-0.007138035664525494
-0.008917453604505831
-0.028626652937560903
-0.03633365792013607
-0.016674472898695253
0.00898081589565299
0.0269199738532559
0.007826677715072651
0.0024507288421648844
0.0018006124553276949
-0.011832545761250765
-0.028394630661248046
-0.02441063220726279
-0.005675699014276664
0.01864401431852217
0.015441791808925204
0.009999172644966407
0.0016571946778892231
-0.006177444790425694
-0.015740940755567145
-0.04032687704884205
-0.08946436239992635
-0.08534253487939639
-0.0491028559798448
-0.028182856894739036
-0.013555890699779702
-0.0036057278788667693
-0.024627923529799915
-0.055353213563325225
-0.0930241151074465
-0.07745411773298515
-0.05731633206379067
-0.034109943010207464
-0.014715385010465787
0.019345366986538725
-0.027205954333037675
-0.06817267898734874
-0.1165697518754961
-0.09778144100586963
-0.06934687735864721
-0.04102200447587318
0.0011376848515812197
0.056873602760737337
-0.05190109037894541
-0.08758666311516837
-0.11386485317032682
-0.07375350885109414
-0.034023738818590804
-0.009709477031795522
0.0278547595470183
0.0954445757609333
-0.10158169933890634
-0.11734755983148078
-0.1230189617940828
-0.07781091341133867
-0.005747828762843101
0.02166706057196411
0.05481768356424989
0.10727196127173683
-0.07669972662045212
-0.05100723496885895
-0.05906859098476438
-0.05602731769203595
0.021213081043849773
0.04656742529335355
0.07341957011537366
0.10485588554355123
-0.03910391794836136
-0.050604898252881045
-0.06901093443347199
-0.07017178543529293
0.02461562969152506
0.06404827670222854
0.08151952705201536
0.10312278570552343
-0.006026404218754524
-0.04950835082067484
-0.0639073721665623
-0.0522266920623693
0.0663500947991536
0.08970466378201294
0.08233459416312473
0.09486525181114211
0.0009384560811964836
-0.059226907792529475
-0.044251739448050095
-0.022071771432794648
0.09376830598537718
0.11914131634975905
0.0728695134387583
0.08137416438025369
0.05334708360692051
-0.008737633713365339
-0.009902557881217806
-0.0034499855416942316
0.11012505095429488
0.14358744748019386
0.07209042103419118
0.05296379090923278
0.07154648304340462
0.05573188494806298
0.04236180368776117
-0.005299479471965339
0.07032920315746632
0.10257374373131953
0.06846097768771908
0.01944540597878489
0.03480097674466495
0.030219465930318108
-0.01424926057839769
-0.0626188184772588
-0.009480208647084853
0.032576094516741844
0.06086335993552179
-0.0005701301853520474
0.004770758302466366
0.002002079672962921
-0.03829921313711593
-0.05980828674659494
0.004575110679471256
0.031122270902972985
0.04812379417778652
-0.015628326761654675
-0.017303585210572223
-0.02503464329023996
-0.04564662592526715
-0.07407697845150114
-0.017580617692101643
-0.00785439292585141
0.0018572585389261657
-0.016149838160518612
-0.02577539558539284
-0.04053295414791555
-0.05899901546518399
-0.09584699783795521
-0.03537333574435724
-0.021570385144956277
-0.009160718490979219
-0.010574647893164561
-0.0194881550061488
-0.029456045915428206
-0.05245400048606735
-0.08267625147784803
-0.026146666022271232
-0.015178134924753454
-0.009612020202413831
-0.001703391979604899
-0.008169761840536789
-0.019821870977282677
-0.024261875222250696
-0.02875914195670552
-0.023332334665232046
-0.012817550796108211
-0.0007206628683198586
0.0026694896431009897
-0.01014364098833224
-0.021651383842222455
-0.024274363995409293
-0.03054713649535866
-0.026048609477927864
-0.020411491961332354
0.005501384094084096
0.007291799963068413
-0.010383500009051758
-0.034208100468111034
-0.05171533213196759
-0.05824077755883835
-0.05361689862396572
-0.02988602130967396
0.011266091255851618
0.0032461921711578385
-0.018785635473167642
-0.05993739088342817
-0.06248496906680156
-0.053051214505329694
-0.04998807440739413
-0.015951101131084267
0.010723610230416864
-0.013972892893129552
-0.05690539911059289
-0.08733058024148059
-0.06748706073455134
-0.08200997505980127
-0.07552892558373181
-0.01658799079482144
-0.008304679790420409
-0.05023764863082774
-0.066632215126363
-0.055282662536883104
-0.04284277922927636
-0.08438209990398464
-0.05800958914234231
-0.0059771883506502775
-0.03232059531872616
-0.07925509162483581
-0.0259163729946591
-0.041610425105375846
-0.049455487234885596
-0.0768848626382093
-0.03411023532095619
-0.007260418061238518
-0.051950692933906424
-0.10311741321374741
-0.0050578960776743
-0.042303528394946076
-0.045114861157742235
-0.05593026523347757
-0.02548529019253338
-0.02534479446140189
-0.06477042125500689
-0.12073935365031416
-0.009192834793109379
-0.02561879691553236
-0.02806273689384198
-0.04937108609371396
-0.03652441577813186
-0.038309922326260994
-0.07852891763714007
-0.12701411767338186
-0.02965677546416051
-0.017370732993026557
-0.016955405319476945
-0.04375262467879293
-0.044097101458675354
-0.04154344023286638
-0.08523774429235825
-0.1186889609511871
-0.07874439197668137
-0.03423257288791976
-0.02590190979786948
-0.03803465571882536
-0.03517668868821983
-0.059727291545333634
-0.09593364493339868
-0.09478379995455455
-0.08259655469599075
-0.03552681599544675
-0.03398454739646162
-0.02257113436230679
-0.029087758664855485
-0.053241307521987545
-0.0811692182537356
-0.07285686511133903
-0.06831587686594584
-0.03418832365297268
-0.02991953121655413
-0.012751329815665962
-0.024344792592144174
-0.0396956499965088
-0.05411532089256965
-0.04590267574758764
-0.04090580901879361
-0.0229845778612376
-0.014028149973706038
-0.009715744781089102
-0.025239172778157074
-0.03037722216647946
-0.02487205279572023
-0.036807171673501685
-0.03363500044040091
-0.02088090317560388
-0.014932653941868127
-0.017088661016675222
-0.023579659017765108
-0.016161927427603705
-0.010394620035163957
-0.023958969204442515
-0.032084586202152404
-0.028904111552097274
-0.02558040714272268
-0.01765484178043265
-0.01483438521114456
-0.010798927015840289
-0.005317596951430538
-0.002609602880965466
-0.005207817148659747
-0.007919187883476602
-0.013625043342472047
-0.014444459786831626
-0.013652873177676612
-0.012125481337393126
-0.007734831109778985
-0.0048465662995263396
-0.007842583599148788
-0.011912315262038963
-0.012766347166334116
-0.013282205044570975
-0.010895350845448631
-0.010106888411391452
-0.006219131985299504
-0.007662973717358705
-0.011671364655094623
-0.015617545680067305
-0.01632954597908774
-0.020893735136390437
-0.014006351118941827
-0.013249508581636807
-0.006312348284478468
-0.008772037878801325
-0.01733922287539023
-0.02485477104047149
-0.02413115896190372
-0.032693682980117454
-0.02290357479062109
-0.018798856484753275
-0.005145646480370156
-0.004606639502828002
-0.02953904713777645
-0.033142077817336794
-0.03373121549408759
-0.034486275798991724
-0.01788315853260607
-0.01057040251567767
0.015466628710474535
0.010949432593573628
-0.03941952026375642
-0.027751420800636285
-0.026534009321499196
-0.019706203221784086
-0.01626463896284643
-0.002084629713912113
0.04107006185948411
0.01772068133337261
-0.038653775672753105
-0.01094897274504109
-0.0006688086513156738
-0.005722673354469821
-0.01225994597504473
-0.00019683669125832433
0.05329792128167026
0.022965014925474016
-0.020166048540226463
0.004203592632388021
0.022130171095517813
0.00672414279969672
-0.008079724769274028
-0.0005004717311962488
0.049330257508991976
0.02094316845648649
-0.012887588171706738
0.01330914523099641
0.02553264094730488
0.012048064293812959
-0.0018655746879129335
0.010009565442046632
0.04236107060613087
0.01457277656208035
0.007377104276342599
0.03053118893492629
0.017971227293421464
0.017325527773227264
0.017712372018271687
0.02480157136990001
0.027745569481250495
0.0024317849753646053
0.013210552678265298
0.011788913883149094
-0.0024575859090499126
0.01046371716592499
0.019443956738114086
0.015376744461510774
0.002791525825176113
-0.013266504352684916
7.20502156921544e-05
-0.011814647949141714
-0.013864551808710717
-0.0083850697521356
-0.0071289324089477135
-0.008786186202746918
-0.011821403687487754
-0.0233776393006472
-0.019056928471802754
-0.023572737630006474
-0.025236378258242223
-0.024564484313730282
-0.020535201104652845
-0.020244725810017496
-0.014217999048779973
-0.01753718251091746
-0.01986937713451378
-0.018778195018656442
-0.017619558726942312
-0.01891243714276211
-0.011425980692184035
-0.012567379611200722
-0.008794769330605962
-0.010605259685695659
-0.01244509081387038
-0.012490962046224173
-0.012367444201009579
-0.013986622087460824
-0.008940357407177102
-0.007548987950148565
-0.004215714688007861
-0.006353944603860338
-0.00877592020436698
-0.010526738233916238
-0.013570148036806612
-0.01392369390147599
-0.008671897909057221
-0.006308957095604786
-0.004064555250089932
-0.006507958897974854
-0.013193448555256684
-0.03207057855988201
-0.04139563226172184
-0.0428382702114116
-0.034252387346259364
-0.017850447046362638
-0.006629047626917124
-0.008058432593558868
-0.02039927055405273
-0.027257294376247295
-0.027989709251586246
-0.0233166168653609
-0.01976615143107604
-0.010328013959168294
-0.003684393713822054
-0.009288716095269219
-0.021885620224510138
-0.025640067040457643
-0.024030976990489384
-0.02098024171002924
-0.01676982697219816
-0.004185460773594965
0.0005299805072874245
-0.007670034625376389
-0.020292271799908085
-0.025637082372293347
-0.018779845063825684
-0.02024239151116299
-0.014841095477960723
0.004181185953914418
0.003619649155094582
-0.011965312296031877
-0.021416190675288226
-0.019032562781027107
-0.018336828344476214
-0.02007781210908446
-0.011835524130883823
0.0006101302651187894
-0.0037355643019185217
-0.034094304366173264
-0.01331197893753663
-0.005717731620913059
-0.025245468682109973
-0.015535258346503019
-0.011013542912539023
-0.02302620494296
-0.018299076406597115
-0.0526467266395111
-0.00761758550081885
-0.01072852721360287
-0.015916721410880057
-0.007108691850981617
-0.019814211381503927
-0.03960956865704592
-0.02669426114292747
-0.06754050626278815
-0.015329848014692516
-0.004663660613199932
0.014153490666890143
0.008850246352409925
-0.02276998098507218
-0.04361432250434803
-0.033124615591174765
-0.06784260135720288
-0.020779967126246243
-4.899504077867879e-05
0.015440168738782286
0.0078056668150246885
-0.020348716835868464
-0.03402354389139068
-0.038529533332345565
-0.05705670808008014
-0.016297441554129894
0.0009838531007729185
-0.01031033185942118
-1.7999610751799668e-05
-0.006389134229352876
-0.019283981402979735
-0.04259711528055247
-0.03451248079219784
0.0006836092651433204
-0.012445228188197505
-0.025344620734352466
-0.0075956736235889225
0.0014868534651503776
-0.0004700168059687977
-0.03230920342591775
-0.019209693344678938
0.004252574830300581
-0.013640237663863549
-0.017706758741950192
-0.0074985925913471085
-0.007927371423401499
-0.006170010612648826
-0.024929817584780915
-0.008667816089847569
-0.0015894019930063432
-0.017977612888955014
-0.01979793785080535
-0.01407351176150097
-0.01904123213190132
-0.01812635193551036
-0.023972735345775393
-0.008717655776729585
-0.009139771167564113
-0.02179504119807179
-0.02800626743427362
-0.015851172801465183
-0.02041676828062403
-0.017275583436131402
-0.01842043850893429
-0.01050691340347007
-0.012222779347499707
-0.020409626031449732
-0.03155630714838118
-0.02192391641373342
-0.029686458897191927
-0.0242539881390349
-0.015188792522500627
-0.00977728077650369
-0.014026188279842141
-0.022939375009841126
-0.03672537213531641
-0.039719783327283945
-0.039812741569837704
-0.020151468068016674
-0.012439183665690445
0.02518805482811661
0.02757579905129094
0.006462949603654627
-0.013532663166651167
-0.013111778246684334
0.012852301416104878
0.03630978322937091
0.03768600822508534
0.032523481344424496
0.04550618382446961
0.02512656100235843
-0.0014647239381349794
-0.0006546177543052385
0.028868810561808962
0.04906740970952666
0.05285688092692181
0.029690432810292898
0.04241702507729262
0.0350510776012101
0.010192419917260819
0.009552630460864983
0.04405810416676171
0.0649806673999538
0.05528274214375531
0.02639932035361397
0.031465063833576196
0.03200821677475212
0.030143562010432487
0.0334735157128121
0.06227029160338048
0.07485891689195057
0.04534650533918706
0.015567733202160728
0.019193693181735375
0.0279956120002596
0.032092490007382395
0.04993586072591036
0.08283212793411039
0.07076455244425342
0.02867346540598213
-0.0004560801520459835
0.009114730710227021
0.019181101890735436
0.030255866528279635
0.060832147990435126
0.0873764551350259
0.055251306456631455
0.020783455059560467
-0.01625996931902568
-0.008337646134395105
-0.0004887004666057433
0.019681447529801457
0.06678737736023992
0.07421841472949377
0.04327746465811037
0.01762939309052955
-0.025065278756443526
-0.012465869687593379
-0.01247291895963893
0.007767105215949564
0.056979688746485305
0.0465792846061053
0.03590313803520304
0.010974153358527632
-0.02684918928515322
-0.009027194559780826
-0.001113677631938136
0.006935558346723307
0.03135842399286423
0.02859231034168719
0.020119702342454804
0.003209831255553575
-0.023240274100807447
-0.002018679866051597
0.02134325974700883
0.009978803375514725
0.018436402718305864
0.017372571044603748
0.01701940723277455
0.003212776883252185
-0.011025834506609426
0.018584554735313355
0.035455436386337254
-0.002057345798924712
-0.0011308831907463495
0.009877262550634567
0.015061423288598474
0.007524611182603461
0.00048718697893638776
0.027524412409109706
0.02824800531181655
-0.0015593465723635841
-0.013204642466787537
0.0031987663727033266
0.01592942241314543
0.010375219777581355
0.025781940242066963
0.03317771233153102
0.023262980832560044
0.004864458584714901
-0.017622349613227423
0.003545090452909489
0.019028448939489895
0.013241674517902592
0.035984539898982676
0.03226276242937
0.02617492444307219
0.006988467252444351
-0.014967001489443823
0.0021586186540726903
0.014692512308966149
0.012138485208686371
0.03498581121700888
0.0307732912745266
0.02747494269594175
0.010427554993423105
-0.007130958136687063
-0.00015978917170943925
0.01053821440800551
0.01032000057975488
0.028656892217301173
0.03349798244671018
0.03321603138919322
0.0222570025282511
0.0003106297652044517
-0.0009967181023826188
0.009050716183221634
0.006285388097565583
-0.0114242564486926
-0.023325120708540314
-0.03556729218249219
-0.06077563668677994
-0.08370951138901271
-0.052893957767447077
-0.040956871637827755
-0.020522849680069098
-0.012218141967114302
-0.02467311319963933
-0.04024537706836359
-0.05005016582504696
-0.06486934076760682
-0.05617602765466733
-0.06031906541196371
-0.03444291328501501
-0.024954117102639953
-0.034258352661980684
-0.05811748921939977
-0.0627582972001337
-0.11082333936054255
-0.09866479941513617
-0.10131872449909124
-0.07862082094206381
-0.033214152358477765
-0.07053024951937228
-0.08756798166578517
-0.09639621619711643
-0.1750614283218948
-0.15710700413909653
-0.14969610432951388
-0.0975271635559926
-0.0500277263237919
-0.07405482750757567
-0.0601148984243832
-0.14720815501219092
-0.16780638788727795
-0.12612427459315723
-0.1438074497631974
-0.09779103405714532
-0.09086617734123995
-0.08143195074987075
-0.1429586647986739
-0.1832913744672203
-0.11402086680304598
-0.13372785217159325
-0.14888119309220282
-0.09265619486952092
-0.16790483179630608
-0.13780620240687771
-0.1919971209782623
-0.16814745422532423
-0.09712734823572057
-0.14392504983264
-0.12495127936942232
-0.08991838334265419
-0.21280251673428593
-0.15190683963891174
-0.14416651565085503
-0.13657688201014168
-0.15048078347333674
-0.14289453830148285
-0.08614429573068452
-0.08326735670779159
-0.25931762175637113
-0.1429257451265683
-0.11530657517052871
-0.10906856392502293
-0.15207198671790478
-0.13038750327633786
-0.08389865224111731
-0.08722670246662628
-0.24556346289008113
-0.0786965671717028
-0.07508474423781496
-0.081618594585653
-0.14256347870123198
-0.13915129555103112
-0.07533380264705661
-0.08948783959630287
-0.2119146879660164
-0.06937979194082372
-0.07204473349965972
-0.10656609479504665
-0.11648369574373035
-0.11519131303115344
-0.07099887420153586
-0.07344360004496542
-0.1833760184610473
-0.0982131171718552
-0.06737223116737208
-0.10524034097321051
-0.06956657324858544
-0.07513810243826026
-0.06429926353792273
-0.07833474068890164
-0.13988658502857437
-0.1321362938388395
-0.12338365903712205
-0.14665954467418355
-0.10911837971487978
-0.09392897781775264
-0.07285391589870252
-0.06966623071391141
-0.06963084524093782
-0.08572453406117897
-0.10521982542305168
-0.1304546258197553
-0.11095328650085041
-0.08672708281398522
-0.06543497765610708
-0.03991459920032497
-0.026984317745539853
-0.03415003053226916
-0.04951947134626815
-0.0774660958804124
-0.06362646012035938
-0.028632085027151345
-0.026947625696039135
-0.014328870821217175
-0.017881241540314056
-0.036892338768133116
-0.060069364166296914
-0.07281776983750647
-0.06293434655478554
-0.024304755267759943
-0.016841116261032102
-0.007119749074720144
-0.00550914959479976
-0.003446133125868326
0.059620572835043684
-0.011550552708875058
0.012161306699898143
-0.008282313679786497
-0.0024247481574393008
0.01941761360583353
0.03887522133561953
-0.0033726999399623383
0.018437183475036423
0.004203169926007834
0.0303499646476159
-0.024252279121093033
0.015048202641679524
0.018588273515306623
-0.00873447489967913
0.06947505148067394
-0.009904491480988651
0.01890548799332224
0.010617662380385685
-0.009333998199635568
0.018777266790075985
-0.0033668785876477727
-0.0028320954339236567
0.0008016814033569195
0.10184947957126235
0.019695899238558048
-0.0016596825864421101
-0.006692093744578834
-0.0034550890539095606
-0.004613595644634999
-0.002612521482491806
-0.002151273420182711
-0.003844954500312691
-0.0025527544296590652
-0.0013267175201714155
-0.010716333076359916
0.01694102530615513
-0.0225875777222
0.0195078997484182
-0.003932629852612381
-0.010149270623822499
0.01295780156203426
-0.0037131171645820036
-0.0035847257522013793
-0.004855923744377917
-0.003196488095893268
-0.0012275432690342103
-0.003081361498843593
-0.0012192048090823903
-0.008188667821286345
0.054672909176591344
-0.0017540650601921607
0.011226915257682733
-0.007095566363242798
0.07270000285761169
-0.002942292113997993
-0.0026045161512676116
-0.002549245447663438
0.058608722555935806
-0.0016850202080835035
-0.0013034636628768753
0.011205308852073858
-0.003906253552474418
0.018281340890741838
-0.0022199182303339975
-0.004433418612556881
-0.005574667666959113
-0.004188509011424439
-0.0058395373259039806
-0.005378347787426723
-0.010475151240825908
-0.005155610248768711
-0.001230753479007141
-0.0021487723681194006
-0.0018394131591235759
-0.014750927921042812
0.013714716224069922
-0.009768990570324928
-0.006653409159200808
-0.007901363257312851
0.08746170748116311
-0.018828090791747295
-0.01569314870809776
-0.011822936692535924
0.01198015110844407
-0.014860166466232833
-0.0040614605293536775
-0.022930964846590303
-0.015505839620971573
-0.0670907211927969
-0.014329190243324116
-0.020658769303953294
-0.029291771909136392
-0.019142812782134488
-0.025781733638714374
-0.009238067394625597
-0.021761522375271108
-0.02027385949949109
-0.005874320888337235
-0.012564211952526876
-0.00650026707185406
-0.031576257390045576
-0.002453787171604098
-0.0025646003729685764
0.01840462827941973
0.012777415822571591
0.014420474255891973
0.011133815097080812
0.009442680814005767
0.00991064446810269
0.013186786981159583
0.013124932620011631
0.03745661396275322
0.10234875134767078
0.027779666109514045
0.03666414958164614
-0.0017003434415504572
0.013239960087362635
-0.009933917235007061
0.01705456549471308
0.007061407229232254
0.06092371383540842
0.002635354109147696
0.039451922875829146
-0.0011954969925824443
-0.003186690169079336
-0.0013936291638650632
-0.0004724860160302577
0.011526812036320576
-0.003637604730455824
-0.0031292845710391274
-0.01774054607872109
-0.005663200444191882
0.014275243141304725
-0.006563439110561027
-0.0041576824921743805
0.0273731661967372
-0.003899504439882131
-0.001755588504639656
-0.015675736083950523
0.004984319309629164
-0.040584568904860674
-0.002783507256757451
-0.005665998011302212
-0.008808908021914768
-0.007063392074444771
0.003845435857069144
0.007678931781866324
0.010829905673104143
-0.006278406784191947
-0.0019141348903953417
-0.004881339324630856
-0.005122190686681129
-0.013185245653577647
-0.003253412852935001
-0.00248806276303389
-0.0025780462552958436
0.005686821430928703
-0.001615022653238685
-0.005545875422884641
0.017961713275865033
-0.001621483906719943
0.012349916294989683
-0.002815553472863147
-0.0014217131261367204
-0.005710158107207628
-0.003148852335226237
0.2200478447257686
0.015224368390622528
-0.0023713891050418795
-0.007875439941849449
-0.0038728066607127487
-0.006982253761578913
-0.0034523803678302807
0.011776925303687825
-0.0027576826015545774
-0.0026511345942401556
-0.0038205627498389474
-0.00249853145205693
-0.012229526711691202
-0.005753371023636936
-0.0028537581138855924
0.016292020724817592
-0.008612461137105027
-0.001805529218288038
-0.005419693336711998
0.012753913008717692
-0.0016770411358938482
-0.002667744546000172
-0.003190499427181441
-0.0009070241627622407
-0.013744905798628323
-0.0057089188247146936
-0.02002016361093336
-0.0021908021673996123
0.031094393473445503
-0.004493261635650971
-0.006130787512488035
0.018018612274896675
0.007737446735082126
-0.00539170162665904
-0.004903011548216557
-0.002510373986701785
-0.0019196628946472503
-0.0026163807751792166
-0.011108315865305921
-0.0037920093853442386
0.012713169221339719
0.016303399577160826
0.017140518469006237
-0.003330908702514519
0.028132087758463476
0.0167670312359335
0.016024200867230783
0.013819623405779064
-0.004638057128812061
0.03762815547865768
0.07053427176848105
0.0009931552297161466
0.037626138188220595
0.019181935111929872
-0.003866857497013875
-0.012990178559870554
0.06037892522629394
-0.01267795208276434
0.10531468564569128
0.02798502741969033
0.015634745618990132
-0.0036153337095749275
0.0158195828818755
-0.0023555012474493647
0.024265870319732995
-0.0030951206912932026
-0.0021507248427339834
-0.004292538769566664
-0.012610218896180558
0.009894970764843393
-0.002947958417370304
-0.003060741525565697
-0.0023972083246187083
-0.0027790430204668337
-0.001953580136766205
-0.0014610630607747315
-0.006484154320057064
-0.004713206638387123
-0.013730350719411652
0.012875809268215228
-0.005232064296004413
-0.00640410756302309
-0.00386743221987327
-0.004964349357719696
-0.005611140202134082
-0.0057163660523777
-0.0029571731775196205
-0.002127611595706611
-0.0021071365478151183
-0.002258027316961713
-0.010757319015040772
0.019445463125232928
-0.001013559298485554
0.029352768185170318
-0.0059999946428381055
0.016172827117400077
-0.0023412614906851946
-0.001138880544556344
-0.0014771534531473104
-0.0014517916936052462
-0.0009593061734666702
-0.001159708591226206
-0.004867340328570017
-0.0017536008057855417
-0.012546113366792875
0.014609070814933643
-0.0026142533308802923
-0.004326491186935185
0.017175608065378045
-0.0022875113806449594
-0.0021086632469700882
-0.005955491610303987
-0.0028193585517872215
-0.0015434550898451086
-0.001461846641848891
-0.0018195289353771045
-0.008750570810406732
0.07012672458427992
0.06180458380046846
0.00545459558240687
-0.03521669852199935
-0.0014024148895067981
-0.021549614813362254
0.00961777340934297
-0.007392776993027665
0.0202344467903571
-0.006697735402326165
-0.006790646762675643
0.003820256765233103
-0.014577735107672612
-0.05184498618200505
0.012422881519419053
0.005465067964995282
-0.02053223126241146
-0.029240368217096822
0.00014090137764435524
-0.011501270592498768
0.02192524464764127
-0.023673797529299375
0.008084598371492205
-0.006356411657636168
0.012984586209216626
-0.014365286230930745
-0.009183899698159019
-0.005794938013131447
-0.00486081228205819
-0.014528175477372304
0.025638410358350974
-0.007297024475469354
-0.004894123309570828
-0.0031719305594801734
-0.007493913467878749
-0.002959630227941441
-0.0033362149025749827
-0.023042087237050993
0.008095745439719715
-0.03386109649218737
0.07785369326160615
-0.004299397721320037
-0.008570723560125641
0.023334019957094394
-0.015483709296764857
-0.0038016092157600345
0.013134450145701354
-0.006428214020560458
-0.0022408387184916457
-0.004051165186506803
0.008522452299373711
-0.013471341471374932
0.05008837375315914
-0.013358176550546804
-0.014723243958428667
-0.10960665101053998
0.05455581471723958
-0.02300042911388212
-0.019252051282960824
-0.027227260148882878
0.20955814612430676
-0.011973411418405043
-0.001317246546219962
-0.06409230740105884
-0.03996705321600612
-0.1567044254116794
0.07064513774059333
-0.03250470735319009
-0.07410857782164366
-0.027065621289436213
-0.029962197778181765
-0.027436690801424503
-0.010097529777537993
-0.040624737750637824
-0.011725433444361534
-0.01962508176500457
-0.012563561025345926
-0.08668638744271467
-0.0022953080821577453
0.0150626090678724
0.05721874731904222
0.011903693773719566
0.015455715752654435
0.022073590480535955
0.015213933353948385
0.016517859790466164
0.042251024944619006
-0.001873304718134757
-0.0008729757495346917
0.02552869979279267
-0.0038601193448120695
0.006549519614852491
0.01399505580184185
0.019517928929342284
-0.005866442331209323
0.07299468611025235
-0.0068563686013183205
-0.0027956158979727547
-0.0036780541930607155
-0.004849167214310169
0.020000029583128583
-0.00297639767068876
-0.0024445997013315206
-0.012448441173416655
0.007960574348341746
-0.003949559229125194
-0.006570117817103859
-0.014246623662069819
-0.004015392977369937
-0.003937435202768958
-0.0029716221241669494
-0.002531249402869013
-0.00801127741809022
-0.0045236469413220265
-0.0015637511715402468
-0.012228355141334841
0.08569973104764343
-0.03381453111732316
0.01471344613962341
0.009893965366091027
-0.013669479128715167
-0.01059648287384798
-0.009698316823943622
-0.005939910391578608
-0.010202916296263357
-0.007554125301521013
-0.0023657326661512303
0.01592382277366547
-0.003017615521216132
-0.013418943730275886
-0.013467577456033846
-0.007120703634313489
-0.008370820518318549
-0.02850272385512603
0.006176505995753631
-0.01322314226169899
-0.006010181078652516
-0.006305551508101652
-0.008076723316454485
-0.004387100083666323
-0.003387779406956464
-0.017360031325096805
-0.01024492526365502
-0.05598329802526474
-0.004388596470638435
-0.008989594819203098
-0.022449038058197188
-0.011020117473732886
0.0016398445613687053
-0.005592899165635886
-0.02036619979058076
-0.012910589531828102
-0.006737471486163822
-0.009106268648572067
-0.004629324334953057
-0.021477760491500672
0.03920600661315194
0.014018924517446697
-0.0069346405279691855
-0.01734099923387857
0.08708946660930253
-0.012518291166097205
0.011621002550194912
-0.003915648818339768
-0.007920985086242468
-0.004015524196730935
-0.0019665193104549863
-0.03152690225916525
-0.01080236625750139
-0.03130540987201959
0.0602465801573532
0.03397228272846139
-0.008872234429370603
0.01207799179102596
-0.016221718191031968
0.00956825328975606
0.004811444499424651
-0.009457511633073434
-0.0031508184252135836
-0.005081963741027053
-0.006679436329630813
-0.02377296046382076
-0.01210399496416222
-0.004370408101212636
-0.00532131591996127
-0.017804713007908403
0.03685683216362991
-0.005527339667616272
-0.0035760086072263203
-0.006602201415954438
0.031960260308119506
-0.005703885197410704
-0.003774520196914732
-0.021558074840881705
-0.01090344699637029
0.008808489850239663
-0.004435304643938256
-0.00728094486258721
-0.012302017863245432
-0.008014470626293305
0.006580705759448551
-0.0048870725195846836
0.025771899589537968
-0.009816311126973601
-0.00454779921156929
-0.0059666086182094645
-0.0036079590195395293
-0.028453898637256243
0.0820471536281523
-0.0027453630221999925
0.03245714899605166
-0.018391819245395607
0.027448274928982785
-0.008611182065772058
-0.003077986665906486
0.010559056275083993
0.019849575399391663
-0.0031657877875667377
-0.0021437876287464107
-0.012110469094813872
-0.0065911653335474696
0.025418594502381018
-0.0023431375403765776
-0.004248128602429226
-0.005606260508833411
0.006250263592233496
0.022660207792098302
0.0030587439739448207
-0.012302616135275975
-0.008128021817047802
-0.0028695036482452928
-0.0036517635494026004
-0.001548485035660092
-0.017948942056914698
-0.007932397891875151
0.010937924073793674
-0.0072855988103233136
-0.005438459558177369
-0.007911478471472552
0.0035035217964489223
-0.006625478695922605
-0.005422975688098652
-0.007070975100024339
0.0016153071317021816
-0.0073652849863120005
-0.029976756814958802
-0.013102429812488443
-0.03714239783221903
0.06925526359270122
-0.012902508823907597
0.03484333980189971
-0.014240535002319688
-0.013006062706126082
-0.007564318387233934
-0.020613099931797402
0.00046879616175222614
-0.007085838947307654
-0.009997754975946273
-0.0042386737859722735
-0.02226029228602511
-0.007727442330917292
-0.004507210294382986
-0.0037466316199482592
-0.02108105477635506
0.018477691055226217
-0.005161214323746097
-0.004660977381741351
-0.0029804109687915545
0.008952176012999667
-0.006058017074525799
-0.0037031832959625905
-0.016381351122275574
-0.010305355823368953
-0.03432550888554706
0.016286850074389563
-0.006641088131239704
-0.0076158502885805435
-0.005726950281714223
-0.0106246389389617
-0.003678210686247428
0.0006716909361257649
0.014717573614160357
-0.0041443574492666365
-0.0029081017327863322
-0.004559354875994569
-0.01649085032677447
-0.0033572672395363787
-0.002417861272011677
-0.0015784461561189273
-0.010738981439503602
-0.0024348535268031287
-0.0037081316173663294
-0.0024970214226151155
-0.0016821363710342293
-0.003119021730537531
-0.0013103556112410806
-0.0011370825371606694
-0.004499043786326194
-0.004526226820646671
0.011898466874528483
0.03240849934751414
-0.004138906433933301
-0.003040549009172609
-0.005970721894509193
-0.003837181088968452
-0.0016183061971348093
-0.003992175205877956
-0.002125726976927082
-0.0015176166622759303
-0.0012293220755126809
-0.0019309325927984171
-0.006655077713478294
0.015027958812514801
-0.0028437096315284344
-0.0017909533573327106
-0.008095007131211068
0.036542036809811024
-0.0034348695237868764
-0.0020131357111243193
-0.0031402964998205924
-0.005010556191094212
-0.0032608823525375613
-0.0016441130450993802
-0.008467028360846885
-0.005494085503176934
-0.02640064493101752
-0.0016678438125959716
-0.005218317272294686
-0.004274437343512128
-0.004657087814359115
-0.006005971339523415
-0.002327172904342813
-0.009521539810186061
-0.0028630516798279653
-0.001345756490360918
-0.0028033985473539694
-0.0033405835203541953
-0.00585361849066816
-0.004807950326007832
-0.0024744341883551125
-0.0016346824539521995
-0.006717768623979818
-0.001750391867939584
-0.0031218105407138496
-0.002006389114362319
0.015086946535493211
-0.0027806432150148555
-0.002716931052114896
-0.001608270116093631
0.09792758523749126
-0.0031990075595285813
-0.013043711339135641
-0.0017607236334542147
-0.0023747612184511257
-0.004210027572779346
-0.0029719187457151854
-0.006040266615631858
0.0126522348161352
-0.005204186726572873
-0.002222714377370933
-0.0017439695453341454
-0.0018972625903780336
-0.0018762007497379921
-0.00823233677699519
-0.010037850758763475
-0.006695733807528161
-0.012680766843676595
-0.04942715026434446
-0.008230230674800052
-0.02163432971831965
-0.005646892814344619
-0.009826918383514642
0.04981264106205209
-0.009193289304773287
-0.007511200616153417
-0.048786483824102965
-0.017670065140581146
-0.07261656887013229
-0.007557279240485718
-0.012227794351839676
-0.03166599977557938
-0.01872144298891159
-0.028675577886977194
-0.017633856993404917
0.002708744460127198
-0.012204908519144249
-0.00883001639229156
-0.006136444603383889
-0.005441360350539464
0.03337551161431324
